Time;Channel B
(us);(mV)

-0,94222222;0,78740150
-0,94062222;1,18110200
-0,93902222;1,18110200
-0,93742222;1,18110200
-0,93582222;1,57480300
-0,93422222;1,18110200
-0,93262222;0,00000000
-0,93102222;0,78740150
-0,92942222;1,18110200
-0,92782222;1,18110200
-0,92622222;0,78740150
-0,92462222;1,57480300
-0,92302222;1,18110200
-0,92142222;1,57480300
-0,91982222;1,18110200
-0,91822222;1,18110200
-0,91662222;0,39370070
-0,91502222;0,39370070
-0,91342222;1,18110200
-0,91182222;1,18110200
-0,91022222;1,18110200
-0,90862222;0,39370070
-0,90702222;1,18110200
-0,90542222;0,78740150
-0,90382222;1,18110200
-0,90222222;1,96850400
-0,90062222;1,96850400
-0,89902222;0,78740150
-0,89742222;1,57480300
-0,89582222;1,18110200
-0,89422222;1,57480300
-0,89262222;1,57480300
-0,89102222;0,39370070
-0,88942222;1,18110200
-0,88782221;1,18110200
-0,88622221;1,18110200
-0,88462221;1,18110200
-0,88302221;0,78740150
-0,88142221;0,78740150
-0,87982221;0,78740150
-0,87822221;1,18110200
-0,87662221;1,18110200
-0,87502221;1,18110200
-0,87342221;0,78740150
-0,87182221;0,78740150
-0,87022221;0,78740150
-0,86862221;1,18110200
-0,86702221;0,78740150
-0,86542221;0,78740150
-0,86382221;1,18110200
-0,86222221;1,18110200
-0,86062221;0,39370070
-0,85902221;0,78740150
-0,85742221;0,78740150
-0,85582221;0,78740150
-0,85422221;0,78740150
-0,85262221;1,57480300
-0,85102221;0,78740150
-0,84942221;0,78740150
-0,84782221;0,78740150
-0,84622221;0,78740150
-0,84462221;0,78740150
-0,84302221;0,78740150
-0,84142221;1,18110200
-0,83982221;0,78740150
-0,83822221;0,78740150
-0,83662221;1,18110200
-0,83502221;1,57480300
-0,83342221;1,18110200
-0,83182221;1,57480300
-0,83022221;1,57480300
-0,82862221;0,39370070
-0,82702221;1,57480300
-0,82542221;1,18110200
-0,82382221;0,78740150
-0,82222221;0,78740150
-0,82062221;0,78740150
-0,81902221;0,78740150
-0,81742221;1,57480300
-0,81582221;1,18110200
-0,81422221;1,18110200
-0,81262221;1,96850400
-0,81102221;0,78740150
-0,80942221;1,18110200
-0,80782221;0,78740150
-0,80622221;0,00000000
-0,80462221;1,18110200
-0,80302221;1,18110200
-0,80142221;1,57480300
-0,79982221;0,39370070
-0,79822221;1,96850400
-0,79662221;1,18110200
-0,79502221;1,18110200
-0,79342221;0,39370070
-0,79182221;1,96850400
-0,79022221;1,57480300
-0,78862221;1,57480300
-0,78702221;0,78740150
-0,78542221;0,78740150
-0,78382221;1,18110200
-0,78222221;1,18110200
-0,78062221;0,39370070
-0,77902221;1,18110200
-0,77742221;0,78740150
-0,77582221;1,18110200
-0,77422221;1,18110200
-0,77262221;1,18110200
-0,77102221;0,39370070
-0,76942221;1,18110200
-0,76782221;0,78740150
-0,76622221;0,78740150
-0,76462221;1,18110200
-0,76302221;0,78740150
-0,76142221;0,78740150
-0,75982221;0,39370070
-0,75822221;0,78740150
-0,75662221;1,18110200
-0,75502221;0,78740150
-0,75342221;1,18110200
-0,75182221;1,18110200
-0,75022221;0,78740150
-0,74862221;1,57480300
-0,74702221;0,39370070
-0,74542221;0,00000000
-0,74382221;1,96850400
-0,74222221;1,18110200
-0,74062221;1,57480300
-0,73902221;1,18110200
-0,73742221;0,78740150
-0,73582221;0,78740150
-0,73422221;0,78740150
-0,73262221;0,00000000
-0,73102221;1,57480300
-0,72942221;1,18110200
-0,72782221;1,18110200
-0,72622221;0,78740150
-0,72462221;0,78740150
-0,72302221;0,78740150
-0,72142221;1,18110200
-0,71982221;0,78740150
-0,71822221;1,18110200
-0,71662221;1,18110200
-0,71502221;1,18110200
-0,71342221;1,57480300
-0,71182221;1,57480300
-0,71022221;1,57480300
-0,70862221;0,78740150
-0,70702221;0,78740150
-0,70542221;0,78740150
-0,70382221;1,57480300
-0,70222221;1,57480300
-0,70062221;0,78740150
-0,69902221;1,18110200
-0,69742221;1,57480300
-0,69582221;1,18110200
-0,69422221;1,18110200
-0,69262221;0,78740150
-0,69102221;1,57480300
-0,68942221;1,57480300
-0,68782221;1,18110200
-0,68622221;1,18110200
-0,68462221;1,57480300
-0,68302221;0,78740150
-0,68142221;0,78740150
-0,67982221;0,78740150
-0,67822221;0,39370070
-0,67662221;0,78740150
-0,67502221;1,18110200
-0,67342221;1,96850400
-0,67182221;0,78740150
-0,67022221;0,78740150
-0,66862221;1,18110200
-0,66702221;0,78740150
-0,66542221;1,18110200
-0,66382221;1,18110200
-0,66222221;1,18110200
-0,66062221;1,18110200
-0,65902221;1,18110200
-0,65742221;1,18110200
-0,65582221;1,18110200
-0,65422221;0,39370070
-0,65262221;1,18110200
-0,65102221;0,78740150
-0,64942221;1,18110200
-0,64782221;1,18110200
-0,64622221;1,18110200
-0,64462221;0,78740150
-0,64302221;1,18110200
-0,64142221;0,78740150
-0,63982221;1,18110200
-0,63822221;1,18110200
-0,63662221;0,78740150
-0,63502221;1,96850400
-0,63342221;0,78740150
-0,63182221;0,78740150
-0,63022221;0,78740150
-0,62862221;0,39370070
-0,62702221;0,39370070
-0,62542221;1,18110200
-0,62382221;0,39370070
-0,62222221;0,78740150
-0,62062221;0,78740150
-0,61902221;1,57480300
-0,61742221;0,39370070
-0,61582221;1,57480300
-0,61422221;0,78740150
-0,61262221;0,00000000
-0,61102221;0,78740150
-0,60942221;0,78740150
-0,60782221;1,18110200
-0,60622221;1,57480300
-0,60462221;1,18110200
-0,60302221;0,78740150
-0,60142221;0,39370070
-0,59982221;0,00000000
-0,59822221;1,18110200
-0,59662221;1,18110200
-0,59502221;0,78740150
-0,59342221;1,96850400
-0,59182221;1,18110200
-0,59022221;0,39370070
-0,58862221;0,78740150
-0,58702221;0,78740150
-0,58542221;0,78740150
-0,58382221;1,18110200
-0,58222221;0,78740150
-0,58062221;0,39370070
-0,57902221;1,57480300
-0,57742221;1,18110200
-0,57582221;1,18110200
-0,57422221;1,57480300
-0,57262221;1,18110200
-0,57102221;0,78740150
-0,56942221;1,18110200
-0,56782221;1,18110200
-0,56622221;1,18110200
-0,56462221;0,78740150
-0,56302221;1,57480300
-0,56142221;0,78740150
-0,55982221;0,39370070
-0,55822221;0,39370070
-0,55662221;0,78740150
-0,55502221;1,18110200
-0,55342221;1,18110200
-0,55182221;1,57480300
-0,55022221;0,78740150
-0,54862221;0,39370070
-0,54702221;0,78740150
-0,54542221;0,78740150
-0,54382221;0,39370070
-0,54222221;0,78740150
-0,54062221;1,18110200
-0,53902221;1,96850400
-0,53742221;1,57480300
-0,53582221;0,78740150
-0,53422221;1,18110200
-0,53262221;0,39370070
-0,53102221;1,18110200
-0,52942221;0,78740150
-0,52782221;0,78740150
-0,52622221;0,39370070
-0,52462221;0,78740150
-0,52302221;1,18110200
-0,52142221;1,18110200
-0,51982221;1,18110200
-0,51822221;0,78740150
-0,51662221;1,18110200
-0,51502221;0,39370070
-0,51342221;0,78740150
-0,51182221;0,78740150
-0,51022221;0,78740150
-0,50862221;1,57480300
-0,50702221;1,18110200
-0,50542221;0,39370070
-0,50382221;0,78740150
-0,50222221;1,18110200
-0,50062221;0,78740150
-0,49902221;0,78740150
-0,49742221;1,18110200
-0,49582221;1,18110200
-0,49422221;0,78740150
-0,49262221;1,18110200
-0,49102221;0,78740150
-0,48942221;1,57480300
-0,48782221;1,57480300
-0,48622221;0,78740150
-0,48462221;0,78740150
-0,48302221;1,18110200
-0,48142221;0,78740150
-0,47982221;0,39370070
-0,47822221;0,78740150
-0,47662221;1,18110200
-0,47502221;0,39370070
-0,47342221;0,78740150
-0,47182221;0,39370070
-0,47022221;1,18110200
-0,46862221;1,18110200
-0,46702221;1,18110200
-0,46542221;0,39370070
-0,46382221;0,39370070
-0,46222221;0,39370070
-0,46062221;1,18110200
-0,45902221;0,78740150
-0,45742221;0,39370070
-0,45582221;1,18110200
-0,45422221;1,18110200
-0,45262221;1,57480300
-0,45102221;0,78740150
-0,44942221;0,39370070
-0,44782221;0,78740150
-0,44622221;0,78740150
-0,44462221;0,78740150
-0,44302221;0,39370070
-0,44142221;1,57480300
-0,43982221;1,18110200
-0,43822221;0,78740150
-0,43662221;0,00000000
-0,43502221;0,78740150
-0,43342221;1,18110200
-0,43182221;1,18110200
-0,43022221;1,96850400
-0,42862221;0,78740150
-0,42702221;1,18110200
-0,42542221;1,18110200
-0,42382221;1,18110200
-0,42222221;0,78740150
-0,42062221;0,78740150
-0,41902221;1,18110200
-0,41742221;1,57480300
-0,41582221;1,18110200
-0,41422221;1,18110200
-0,41262221;1,18110200
-0,41102221;1,18110200
-0,40942221;0,78740150
-0,40782221;1,18110200
-0,40622221;0,78740150
-0,40462221;0,39370070
-0,40302221;0,78740150
-0,40142221;0,78740150
-0,39982221;1,18110200
-0,39822221;1,18110200
-0,39662221;0,78740150
-0,39502221;1,57480300
-0,39342221;0,78740150
-0,39182221;1,18110200
-0,39022221;0,78740150
-0,38862221;1,18110200
-0,38702221;1,18110200
-0,38542221;0,78740150
-0,38382221;1,18110200
-0,38222221;0,00000000
-0,38062221;1,57480300
-0,37902221;0,78740150
-0,37742221;1,57480300
-0,37582221;0,78740150
-0,37422221;1,18110200
-0,37262221;0,78740150
-0,37102221;0,78740150
-0,36942221;1,18110200
-0,36782221;1,18110200
-0,36622221;0,78740150
-0,36462221;1,18110200
-0,36302221;0,78740150
-0,36142221;0,78740150
-0,35982221;1,18110200
-0,35822221;0,78740150
-0,35662221;1,18110200
-0,35502221;0,78740150
-0,35342221;0,78740150
-0,35182221;1,57480300
-0,35022221;1,57480300
-0,34862221;1,18110200
-0,34702221;1,18110200
-0,34542221;0,78740150
-0,34382221;0,39370070
-0,34222221;0,78740150
-0,34062221;1,18110200
-0,33902221;0,78740150
-0,33742221;0,78740150
-0,33582221;1,18110200
-0,33422221;0,78740150
-0,33262221;1,57480300
-0,33102221;0,00000000
-0,32942221;1,18110200
-0,32782221;1,18110200
-0,32622221;1,18110200
-0,32462221;1,18110200
-0,32302221;0,78740150
-0,32142221;0,00000000
-0,31982221;0,39370070
-0,31822221;1,57480300
-0,31662221;0,00000000
-0,31502221;1,18110200
-0,31342221;0,78740150
-0,31182221;0,39370070
-0,31022221;0,78740150
-0,30862221;0,78740150
-0,30702221;0,78740150
-0,30542221;1,18110200
-0,30382221;1,57480300
-0,30222221;1,18110200
-0,30062221;1,18110200
-0,29902221;0,39370070
-0,29742221;1,18110200
-0,29582221;0,39370070
-0,29422221;1,18110200
-0,29262221;0,78740150
-0,29102221;1,57480300
-0,28942221;1,57480300
-0,28782221;1,96850400
-0,28622221;1,18110200
-0,28462221;1,57480300
-0,28302221;1,18110200
-0,28142221;1,57480300
-0,27982221;1,18110200
-0,27822221;-0,39370070
-0,27662221;1,18110200
-0,27502221;1,18110200
-0,27342221;0,39370070
-0,27182221;1,18110200
-0,27022221;1,57480300
-0,26862221;0,78740150
-0,26702221;0,78740150
-0,26542221;1,18110200
-0,26382221;1,18110200
-0,26222221;0,00000000
-0,26062221;0,00000000
-0,25902221;0,78740150
-0,25742221;0,39370070
-0,25582221;0,78740150
-0,25422221;1,18110200
-0,25262221;0,78740150
-0,25102221;0,39370070
-0,24942221;0,78740150
-0,24782221;1,18110200
-0,24622221;1,18110200
-0,24462221;1,57480300
-0,24302221;1,18110200
-0,24142221;1,18110200
-0,23982221;0,78740150
-0,23822221;1,57480300
-0,23662221;1,18110200
-0,23502221;0,78740150
-0,23342221;1,18110200
-0,23182221;1,18110200
-0,23022221;0,78740150
-0,22862221;1,18110200
-0,22702221;0,78740150
-0,22542221;0,78740150
-0,22382221;0,78740150
-0,22222221;0,78740150
-0,22062221;1,18110200
-0,21902221;0,78740150
-0,21742221;1,18110200
-0,21582221;0,78740150
-0,21422221;0,78740150
-0,21262221;0,00000000
-0,21102221;1,57480300
-0,20942221;0,39370070
-0,20782221;1,18110200
-0,20622221;0,78740150
-0,20462221;0,78740150
-0,20302221;0,78740150
-0,20142221;0,78740150
-0,19982221;1,57480300
-0,19822221;1,18110200
-0,19662221;0,78740150
-0,19502221;0,39370070
-0,19342221;0,00000000
-0,19182221;1,18110200
-0,19022221;1,18110200
-0,18862221;1,18110200
-0,18702221;0,78740150
-0,18542221;1,57480300
-0,18382221;1,57480300
-0,18222221;1,96850400
-0,18062221;1,57480300
-0,17902221;1,57480300
-0,17742221;0,78740150
-0,17582221;0,78740150
-0,17422221;1,18110200
-0,17262221;0,78740150
-0,17102221;1,18110200
-0,16942221;0,78740150
-0,16782221;1,18110200
-0,16622221;0,78740150
-0,16462221;0,78740150
-0,16302221;1,96850400
-0,16142221;1,18110200
-0,15982221;1,18110200
-0,15822221;1,18110200
-0,15662221;0,78740150
-0,15502221;1,18110200
-0,15342221;1,18110200
-0,15182221;0,78740150
-0,15022221;1,57480300
-0,14862221;1,18110200
-0,14702221;1,18110200
-0,14542221;1,18110200
-0,14382221;0,78740150
-0,14222221;0,00000000
-0,14062221;1,18110200
-0,13902220;1,18110200
-0,13742220;0,39370070
-0,13582220;1,18110200
-0,13422220;1,18110200
-0,13262220;1,57480300
-0,13102220;0,39370070
-0,12942220;1,18110200
-0,12782220;0,39370070
-0,12622220;0,39370070
-0,12462220;1,18110200
-0,12302220;0,00000000
-0,12142220;1,18110200
-0,11982220;1,96850400
-0,11822220;0,39370070
-0,11662220;1,18110200
-0,11502220;0,00000000
-0,11342220;1,18110200
-0,11182220;1,18110200
-0,11022220;1,57480300
-0,10862220;1,96850400
-0,10702220;0,39370070
-0,10542220;1,18110200
-0,10382220;0,78740150
-0,10222220;0,78740150
-0,10062220;1,57480300
-0,09902220;1,18110200
-0,09742220;0,78740150
-0,09582220;1,57480300
-0,09422220;1,18110200
-0,09262220;0,78740150
-0,09102220;0,78740150
-0,08942220;0,78740150
-0,08782220;0,78740150
-0,08622220;0,78740150
-0,08462220;-0,39370070
-0,08302220;0,00000000
-0,08142220;1,57480300
-0,07982220;0,78740150
-0,07822220;1,57480300
-0,07662220;0,78740150
-0,07502220;0,78740150
-0,07342220;0,39370070
-0,07182220;0,78740150
-0,07022220;0,78740150
-0,06862220;0,78740150
-0,06702220;0,00000000
-0,06542220;0,78740150
-0,06382220;0,39370070
-0,06222220;0,78740150
-0,06062220;0,78740150
-0,05902220;1,18110200
-0,05742220;1,18110200
-0,05582220;0,78740150
-0,05422220;0,78740150
-0,05262220;1,57480300
-0,05102220;1,18110200
-0,04942220;0,39370070
-0,04782220;0,78740150
-0,04622220;1,57480300
-0,04462220;1,96850400
-0,04302220;0,78740150
-0,04142220;1,18110200
-0,03982220;1,18110200
-0,03822220;0,39370070
-0,03662220;0,39370070
-0,03502220;1,18110200
-0,03342220;0,39370070
-0,03182220;0,78740150
-0,03022220;1,18110200
-0,02862220;1,18110200
-0,02702220;1,18110200
-0,02542220;0,39370070
-0,02382220;1,18110200
-0,02222220;1,18110200
-0,02062220;0,39370070
-0,01902220;0,78740150
-0,01742220;1,18110200
-0,01582220;0,78740150
-0,01422220;0,78740150
-0,01262220;1,96850400
-0,01102220;1,57480300
-0,00942220;1,18110200
-0,00782220;1,57480300
-0,00622220;1,57480300
-0,00462220;0,78740150
-0,00302220;0,78740150
-0,00142220;0,00000000
0,00017780;3,54330700
0,00177780;4,72440900
0,00337780;5,11811000
0,00497780;5,90551100
0,00657780;5,11811000
0,00817780;4,72440900
0,00977780;3,93700800
0,01137780;2,36220500
0,01297780;3,54330700
0,01457780;2,36220500
0,01617780;2,75590500
0,01777780;1,96850400
0,01937780;1,96850400
0,02097780;2,36220500
0,02257780;1,96850400
0,02417780;1,18110200
0,02577780;1,57480300
0,02737780;0,78740150
0,02897780;1,57480300
0,03057780;1,57480300
0,03217780;1,57480300
0,03377780;1,57480300
0,03537780;1,18110200
0,03697780;0,78740150
0,03857780;0,78740150
0,04017780;0,78740150
0,04177780;0,78740150
0,04337780;0,39370070
0,04497780;0,78740150
0,04657780;1,18110200
0,04817780;1,18110200
0,04977780;0,39370070
0,05137780;1,57480300
0,05297780;1,18110200
0,05457780;0,78740150
0,05617780;1,18110200
0,05777780;1,18110200
0,05937780;0,78740150
0,06097780;0,78740150
0,06257780;1,18110200
0,06417780;0,39370070
0,06577780;0,00000000
0,06737780;0,39370070
0,06897780;0,78740150
0,07057780;1,18110200
0,07217780;1,57480300
0,07377780;1,57480300
0,07537780;1,18110200
0,07697780;1,18110200
0,07857780;0,39370070
0,08017780;0,78740150
0,08177780;1,57480300
0,08337780;1,18110200
0,08497780;0,00000000
0,08657780;0,78740150
0,08817780;0,39370070
0,08977780;0,39370070
0,09137780;1,18110200
0,09297780;0,78740150
0,09457780;0,78740150
0,09617780;0,78740150
0,09777780;1,18110200
0,09937780;1,18110200
0,10097780;0,39370070
0,10257780;0,39370070
0,10417780;0,39370070
0,10577780;0,39370070
0,10737780;1,18110200
0,10897780;0,78740150
0,11057780;0,39370070
0,11217780;1,18110200
0,11377780;0,78740150
0,11537780;0,78740150
0,11697780;0,39370070
0,11857780;0,00000000
0,12017780;0,78740150
0,12177780;0,00000000
0,12337780;0,39370070
0,12497780;1,18110200
0,12657780;1,57480300
0,12817780;1,18110200
0,12977780;0,78740150
0,13137780;0,00000000
0,13297780;0,39370070
0,13457780;0,78740150
0,13617780;0,78740150
0,13777780;0,00000000
0,13937780;0,39370070
0,14097780;1,18110200
0,14257780;1,18110200
0,14417780;1,18110200
0,14577780;1,18110200
0,14737780;0,00000000
0,14897780;1,18110200
0,15057780;1,18110200
0,15217780;0,78740150
0,15377780;0,78740150
0,15537780;0,78740150
0,15697780;0,78740150
0,15857780;1,18110200
0,16017780;0,78740150
0,16177780;1,18110200
0,16337780;0,78740150
0,16497780;0,39370070
0,16657780;0,78740150
0,16817780;1,57480300
0,16977780;0,39370070
0,17137780;1,57480300
0,17297780;1,18110200
0,17457780;4,33070900
0,17617780;3,93700800
0,17777780;5,90551100
0,17937780;4,33070900
0,18097780;3,93700800
0,18257780;3,14960600
0,18417780;2,75590500
0,18577780;2,75590500
0,18737780;2,75590500
0,18897780;3,14960600
0,19057780;2,36220500
0,19217780;2,36220500
0,19377780;1,57480300
0,19537780;2,36220500
0,19697780;1,57480300
0,19857780;1,57480300
0,20017780;1,18110200
0,20177780;1,57480300
0,20337780;1,18110200
0,20497780;1,18110200
0,20657780;1,18110200
0,20817780;0,78740150
0,20977780;1,18110200
0,21137780;1,18110200
0,21297780;1,57480300
0,21457780;0,78740150
0,21617780;0,39370070
0,21777780;1,18110200
0,21937780;1,18110200
0,22097780;1,18110200
0,22257780;1,18110200
0,22417780;0,78740150
0,22577780;0,39370070
0,22737780;0,78740150
0,22897780;0,00000000
0,23057780;0,78740150
0,23217780;1,18110200
0,23377780;0,78740150
0,23537780;0,78740150
0,23697780;1,57480300
0,23857780;0,00000000
0,24017780;1,18110200
0,24177780;1,18110200
0,24337780;0,00000000
0,24497780;1,18110200
0,24657780;0,78740150
0,24817780;0,78740150
0,24977780;1,18110200
0,25137780;0,78740150
0,25297780;0,78740150
0,25457780;0,78740150
0,25617780;0,78740150
0,25777780;0,78740150
0,25937780;0,39370070
0,26097780;1,18110200
0,26257780;1,57480300
0,26417780;0,78740150
0,26577780;0,39370070
0,26737780;0,39370070
0,26897780;0,78740150
0,27057780;1,96850400
0,27217780;0,39370070
0,27377780;1,18110200
0,27537780;1,18110200
0,27697780;0,39370070
0,27857780;0,39370070
0,28017780;1,18110200
0,28177780;0,78740150
0,28337780;0,39370070
0,28497780;0,78740150
0,28657780;0,39370070
0,28817780;1,18110200
0,28977780;0,00000000
0,29137780;0,39370070
0,29297780;0,39370070
0,29457780;1,18110200
0,29617780;1,18110200
0,29777780;0,39370070
0,29937780;0,78740150
0,30097780;1,18110200
0,30257780;0,78740150
0,30417780;0,78740150
0,30577780;0,39370070
0,30737780;1,18110200
0,30897780;0,39370070
0,31057780;0,39370070
0,31217780;0,78740150
0,31377780;0,39370070
0,31537780;0,00000000
0,31697780;-0,39370070
0,31857780;1,18110200
0,32017780;0,78740150
0,32177780;0,78740150
0,32337780;1,18110200
0,32497780;1,18110200
0,32657780;0,78740150
0,32817780;0,39370070
0,32977780;-0,39370070
0,33137780;0,39370070
0,33297780;0,39370070
0,33457780;0,39370070
0,33617780;0,39370070
0,33777780;0,39370070
0,33937780;0,78740150
0,34097780;1,57480300
0,34257780;0,39370070
0,34417780;0,00000000
0,34577780;0,39370070
0,34737780;1,18110200
0,34897780;0,78740150
0,35057780;1,57480300
0,35217780;1,18110200
0,35377780;1,18110200
0,35537780;0,39370070
0,35697780;0,00000000
0,35857780;1,18110200
0,36017780;0,78740150
0,36177780;0,39370070
0,36337780;0,78740150
0,36497780;0,39370070
0,36657780;0,78740150
0,36817780;0,78740150
0,36977780;0,78740150
0,37137780;0,39370070
0,37297780;0,39370070
0,37457780;0,39370070
0,37617780;0,39370070
0,37777780;1,18110200
0,37937780;0,39370070
0,38097780;0,00000000
0,38257780;0,78740150
0,38417780;0,78740150
0,38577780;0,39370070
0,38737780;0,78740150
0,38897780;0,78740150
0,39057780;1,18110200
0,39217780;1,18110200
0,39377780;0,78740150
0,39537780;0,78740150
0,39697780;0,39370070
0,39857780;0,39370070
0,40017780;0,78740150
0,40177780;0,39370070
0,40337780;1,57480300
0,40497780;0,39370070
0,40657780;0,39370070
0,40817780;0,78740150
0,40977780;0,78740150
0,41137780;1,18110200
0,41297780;1,18110200
0,41457780;0,78740150
0,41617780;0,00000000
0,41777780;0,39370070
0,41937780;0,39370070
0,42097780;1,57480300
0,42257780;0,00000000
0,42417780;1,18110200
0,42577780;1,18110200
0,42737780;0,78740150
0,42897780;0,00000000
0,43057780;1,18110200
0,43217780;0,39370070
0,43377780;0,00000000
0,43537780;0,78740150
0,43697780;1,18110200
0,43857780;1,18110200
0,44017780;0,78740150
0,44177780;1,18110200
0,44337780;1,18110200
0,44497780;1,18110200
0,44657780;0,00000000
0,44817780;1,57480300
0,44977780;1,18110200
0,45137780;0,39370070
0,45297780;1,18110200
0,45457780;0,39370070
0,45617780;0,78740150
0,45777780;0,39370070
0,45937780;1,18110200
0,46097780;0,78740150
0,46257780;1,18110200
0,46417780;0,78740150
0,46577780;1,18110200
0,46737780;0,78740150
0,46897780;0,78740150
0,47057780;1,18110200
0,47217780;0,78740150
0,47377780;1,18110200
0,47537780;1,18110200
0,47697780;0,78740150
0,47857780;0,39370070
0,48017780;0,78740150
0,48177780;0,78740150
0,48337780;1,18110200
0,48497780;0,00000000
0,48657780;0,78740150
0,48817780;0,78740150
0,48977780;0,78740150
0,49137780;1,57480300
0,49297780;0,78740150
0,49457780;1,18110200
0,49617780;0,78740150
0,49777780;0,78740150
0,49937780;0,00000000
0,50097780;1,18110200
0,50257780;1,18110200
0,50417780;0,78740150
0,50577780;0,78740150
0,50737780;0,39370070
0,50897780;1,57480300
0,51057780;1,18110200
0,51217780;1,18110200
0,51377780;1,18110200
0,51537780;0,00000000
0,51697780;1,18110200
0,51857780;1,18110200
0,52017780;0,00000000
0,52177780;0,78740150
0,52337780;0,39370070
0,52497780;0,78740150
0,52657780;1,57480300
0,52817780;0,78740150
0,52977780;0,78740150
0,53137780;0,39370070
0,53297780;0,78740150
0,53457780;1,18110200
0,53617780;1,18110200
0,53777780;1,18110200
0,53937780;1,18110200
0,54097780;0,39370070
0,54257780;1,18110200
0,54417780;1,18110200
0,54577780;1,18110200
0,54737780;0,78740150
0,54897780;0,78740150
0,55057780;1,57480300
0,55217780;0,78740150
0,55377780;1,18110200
0,55537780;-0,39370070
0,55697780;0,78740150
0,55857780;0,00000000
0,56017780;1,18110200
0,56177780;0,78740150
0,56337780;0,78740150
0,56497780;0,78740150
0,56657780;1,57480300
0,56817780;1,18110200
0,56977780;1,18110200
0,57137780;1,18110200
0,57297780;1,18110200
0,57457780;1,18110200
0,57617780;1,18110200
0,57777780;1,18110200
0,57937780;1,18110200
0,58097780;0,00000000
0,58257780;0,00000000
0,58417780;0,00000000
0,58577780;0,78740150
0,58737780;1,18110200
0,58897780;1,18110200
0,59057780;1,18110200
0,59217780;1,96850400
0,59377780;0,78740150
0,59537780;1,18110200
0,59697780;1,57480300
0,59857780;0,39370070
0,60017780;1,18110200
0,60177780;0,78740150
0,60337780;0,78740150
0,60497780;1,18110200
0,60657780;1,57480300
0,60817780;0,39370070
0,60977781;1,18110200
0,61137781;0,78740150
0,61297781;1,18110200
0,61457781;0,78740150
0,61617781;1,18110200
0,61777781;1,18110200
0,61937781;1,57480300
0,62097781;1,18110200
0,62257781;1,18110200
0,62417781;0,78740150
0,62577781;1,96850400
0,62737781;1,18110200
0,62897781;0,39370070
0,63057781;0,39370070
0,63217781;0,78740150
0,63377781;1,18110200
0,63537781;1,18110200
0,63697781;0,00000000
0,63857781;1,18110200
0,64017781;1,57480300
0,64177781;1,57480300
0,64337781;0,78740150
0,64497781;1,57480300
0,64657781;1,57480300
0,64817781;1,57480300
0,64977781;0,39370070
0,65137781;1,18110200
0,65297781;0,78740150
0,65457781;0,78740150
0,65617781;1,57480300
0,65777781;0,78740150
0,65937781;1,18110200
0,66097781;1,18110200
0,66257781;0,78740150
0,66417781;1,18110200
0,66577781;2,36220500
0,66737781;1,57480300
0,66897781;-0,39370070
0,67057781;0,39370070
0,67217781;0,78740150
0,67377781;0,39370070
0,67537781;0,78740150
0,67697781;1,57480300
0,67857781;1,18110200
0,68017781;1,57480300
0,68177781;1,57480300
0,68337781;1,57480300
0,68497781;0,78740150
0,68657781;0,39370070
0,68817781;1,96850400
0,68977781;0,78740150
0,69137781;1,57480300
0,69297781;1,18110200
0,69457781;1,18110200
0,69617781;1,18110200
0,69777781;0,39370070
0,69937781;1,18110200
0,70097781;1,18110200
0,70257781;1,57480300
0,70417781;0,78740150
0,70577781;0,39370070
0,70737781;0,78740150
0,70897781;0,78740150
0,71057781;0,78740150
0,71217781;0,78740150
0,71377781;1,18110200
0,71537781;1,18110200
0,71697781;0,78740150
0,71857781;1,18110200
0,72017781;1,96850400
0,72177781;0,78740150
0,72337781;0,39370070
0,72497781;1,18110200
0,72657781;0,78740150
0,72817781;1,57480300
0,72977781;1,18110200
0,73137781;0,78740150
0,73297781;0,78740150
0,73457781;0,78740150
0,73617781;2,36220500
0,73777781;1,57480300
0,73937781;0,78740150
0,74097781;0,78740150
0,74257781;1,18110200
0,74417781;1,18110200
0,74577781;0,39370070
0,74737781;1,18110200
0,74897781;1,18110200
0,75057781;1,57480300
0,75217781;1,57480300
0,75377781;0,78740150
0,75537781;0,78740150
0,75697781;0,39370070
0,75857781;1,18110200
0,76017781;0,78740150
0,76177781;1,18110200
0,76337781;0,78740150
0,76497781;1,57480300
0,76657781;0,39370070
0,76817781;1,18110200
0,76977781;-0,39370070
0,77137781;1,18110200
0,77297781;0,78740150
0,77457781;0,78740150
0,77617781;1,18110200
0,77777781;0,78740150
0,77937781;0,78740150
0,78097781;0,78740150
0,78257781;1,96850400
0,78417781;0,39370070
0,78577781;1,18110200
0,78737781;1,96850400
0,78897781;1,18110200
0,79057781;1,18110200
0,79217781;1,57480300
0,79377781;1,57480300
0,79537781;1,18110200
0,79697781;1,18110200
0,79857781;0,39370070
0,80017781;1,18110200
0,80177781;1,18110200
0,80337781;0,78740150
0,80497781;1,18110200
0,80657781;0,78740150
0,80817781;1,18110200
0,80977781;0,78740150
0,81137781;1,18110200
0,81297781;1,18110200
0,81457781;1,18110200
0,81617781;1,18110200
0,81777781;0,78740150
0,81937781;1,18110200
0,82097781;0,78740150
0,82257781;1,18110200
0,82417781;0,78740150
0,82577781;0,78740150
0,82737781;0,78740150
0,82897781;0,78740150
0,83057781;1,18110200
0,83217781;1,57480300
0,83377781;0,00000000
0,83537781;0,78740150
0,83697781;0,78740150
0,83857781;1,18110200
0,84017781;0,78740150
0,84177781;0,78740150
0,84337781;0,78740150
0,84497781;0,78740150
0,84657781;1,57480300
0,84817781;1,18110200
0,84977781;0,39370070
0,85137781;1,18110200
0,85297781;0,78740150
0,85457781;0,78740150
0,85617781;1,57480300
0,85777781;1,57480300
0,85937781;1,57480300
0,86097781;1,18110200
0,86257781;0,78740150
0,86417781;1,18110200
0,86577781;1,18110200
0,86737781;0,39370070
0,86897781;0,78740150
0,87057781;0,78740150
0,87217781;1,57480300
0,87377781;0,78740150
0,87537781;0,78740150
0,87697781;0,78740150
0,87857781;1,96850400
0,88017781;1,57480300
0,88177781;1,57480300
0,88337781;0,78740150
0,88497781;0,78740150
0,88657781;1,18110200
0,88817781;1,18110200
0,88977781;1,18110200
0,89137781;1,57480300
0,89297781;0,39370070
0,89457781;1,57480300
0,89617781;1,18110200
0,89777781;1,18110200
0,89937781;0,39370070
0,90097781;0,78740150
0,90257781;0,78740150
0,90417781;0,78740150
0,90577781;1,18110200
0,90737781;0,78740150
0,90897781;0,39370070
0,91057781;0,78740150
0,91217781;1,18110200
0,91377781;0,78740150
0,91537781;0,78740150
0,91697781;1,18110200
0,91857781;1,57480300
0,92017781;1,18110200
0,92177781;1,18110200
0,92337781;0,78740150
0,92497781;0,78740150
0,92657781;1,18110200
0,92817781;1,57480300
0,92977781;1,18110200
0,93137781;1,18110200
0,93297781;1,57480300
0,93457781;0,78740150
0,93617781;1,57480300
0,93777781;0,39370070
0,93937781;1,18110200
0,94097781;1,18110200
0,94257781;0,39370070
0,94417781;0,39370070
0,94577781;1,18110200
0,94737781;1,18110200
0,94897781;1,96850400
0,95057781;1,18110200
0,95217781;0,78740150
0,95377781;1,57480300
0,95537781;0,39370070
0,95697781;0,78740150
0,95857781;1,96850400
0,96017781;1,96850400
0,96177781;1,57480300
0,96337781;1,18110200
0,96497781;0,78740150
0,96657781;0,78740150
0,96817781;1,18110200
0,96977781;1,18110200
0,97137781;1,18110200
0,97297781;1,57480300
0,97457781;1,18110200
0,97617781;4,72440900
0,97777781;5,11811000
0,97937781;5,51181100
0,98097781;5,51181100
0,98257781;3,93700800
0,98417781;2,75590500
0,98577781;3,14960600
0,98737781;3,54330700
0,98897781;3,14960600
0,99057781;2,36220500
0,99217781;1,96850400
0,99377781;2,36220500
0,99537781;1,96850400
0,99697781;1,57480300
0,99857781;1,57480300
1,00017781;1,57480300
1,00177781;0,78740150
1,00337781;1,18110200
1,00497781;1,57480300
1,00657781;1,18110200
1,00817781;1,18110200
1,00977781;1,18110200
1,01137781;0,78740150
1,01297781;1,18110200
1,01457781;0,78740150
1,01617781;1,18110200
1,01777781;1,57480300
1,01937781;1,18110200
1,02097781;1,18110200
1,02257781;0,78740150
1,02417781;0,39370070
1,02577781;0,78740150
1,02737781;0,39370070
1,02897781;0,78740150
1,03057781;1,18110200
1,03217781;1,57480300
1,03377781;1,57480300
1,03537781;0,78740150
1,03697781;0,78740150
1,03857781;1,18110200
1,04017781;0,78740150
1,04177781;0,78740150
1,04337781;0,39370070
1,04497781;1,57480300
1,04657781;1,96850400
1,04817781;0,39370070
1,04977781;1,18110200
1,05137781;0,78740150
1,05297781;1,57480300
1,05457781;0,78740150
1,05617781;0,78740150
1,05777781;1,57480300
1,05937781;1,18110200
1,06097781;0,78740150
1,06257781;0,78740150
