Time;Channel B
(us);(mV)

-0,94175999;1,57480300
-0,94015999;1,96850400
-0,93855999;1,57480300
-0,93695999;1,18110200
-0,93535999;0,39370070
-0,93375999;0,78740150
-0,93215999;0,78740150
-0,93055999;1,18110200
-0,92895999;1,18110200
-0,92735999;0,78740150
-0,92575999;0,39370070
-0,92415999;0,78740150
-0,92255999;0,78740150
-0,92095999;0,78740150
-0,91935999;1,18110200
-0,91775999;1,18110200
-0,91615999;1,57480300
-0,91455999;1,18110200
-0,91295999;1,57480300
-0,91135999;0,78740150
-0,90975999;0,39370070
-0,90815999;1,96850400
-0,90655999;1,18110200
-0,90495999;1,18110200
-0,90335999;1,57480300
-0,90175999;0,00000000
-0,90015999;1,57480300
-0,89855999;1,57480300
-0,89695999;1,18110200
-0,89535999;1,18110200
-0,89375999;1,18110200
-0,89215999;0,39370070
-0,89055999;1,18110200
-0,88895999;0,78740150
-0,88735999;0,39370070
-0,88575999;0,78740150
-0,88415999;1,18110200
-0,88255999;1,18110200
-0,88095999;1,18110200
-0,87935999;1,57480300
-0,87775999;1,57480300
-0,87615999;0,78740150
-0,87455999;0,39370070
-0,87295999;0,78740150
-0,87135999;0,39370070
-0,86975999;0,78740150
-0,86815999;0,39370070
-0,86655999;0,00000000
-0,86495999;0,78740150
-0,86335999;0,78740150
-0,86175999;1,18110200
-0,86015999;1,18110200
-0,85855999;0,39370070
-0,85695999;1,18110200
-0,85535999;1,18110200
-0,85375999;0,78740150
-0,85215999;1,18110200
-0,85055999;0,39370070
-0,84895999;1,18110200
-0,84735999;0,78740150
-0,84575999;0,39370070
-0,84415999;1,18110200
-0,84255999;0,78740150
-0,84095999;0,78740150
-0,83935999;1,96850400
-0,83775999;0,78740150
-0,83615999;0,78740150
-0,83455999;1,57480300
-0,83295999;1,18110200
-0,83135999;1,18110200
-0,82975999;0,78740150
-0,82815999;0,78740150
-0,82655999;0,78740150
-0,82495999;0,78740150
-0,82335999;1,18110200
-0,82175999;1,18110200
-0,82015999;1,57480300
-0,81855999;0,78740150
-0,81695999;0,78740150
-0,81535999;0,78740150
-0,81375999;1,18110200
-0,81215999;0,78740150
-0,81055999;1,57480300
-0,80895999;0,78740150
-0,80735999;0,78740150
-0,80575999;1,18110200
-0,80415999;1,18110200
-0,80255999;0,78740150
-0,80095999;1,18110200
-0,79935999;0,78740150
-0,79775999;0,39370070
-0,79615999;1,57480300
-0,79455999;1,96850400
-0,79295999;0,78740150
-0,79135999;1,57480300
-0,78975999;1,18110200
-0,78815999;0,39370070
-0,78655999;1,18110200
-0,78495999;1,18110200
-0,78335999;1,57480300
-0,78175999;0,78740150
-0,78015999;1,18110200
-0,77855999;1,57480300
-0,77695999;1,57480300
-0,77535999;1,18110200
-0,77375999;0,39370070
-0,77215999;0,39370070
-0,77055999;1,18110200
-0,76895999;1,18110200
-0,76735999;1,18110200
-0,76575999;1,18110200
-0,76415999;0,78740150
-0,76255999;1,18110200
-0,76095999;1,18110200
-0,75935999;1,18110200
-0,75775999;0,78740150
-0,75615999;1,18110200
-0,75455999;1,18110200
-0,75295999;1,96850400
-0,75135999;1,96850400
-0,74975999;1,96850400
-0,74815999;0,78740150
-0,74655999;0,78740150
-0,74495999;1,18110200
-0,74335999;1,57480300
-0,74175999;1,18110200
-0,74015999;1,18110200
-0,73855999;0,78740150
-0,73695999;1,57480300
-0,73535999;0,78740150
-0,73375999;0,78740150
-0,73215999;0,78740150
-0,73055999;1,18110200
-0,72895999;1,57480300
-0,72735999;0,78740150
-0,72575999;1,18110200
-0,72415999;1,18110200
-0,72255999;0,78740150
-0,72095999;0,78740150
-0,71935999;0,78740150
-0,71775999;0,78740150
-0,71615999;1,18110200
-0,71455999;1,96850400
-0,71295999;5,11811000
-0,71135999;5,51181100
-0,70975999;6,29921200
-0,70815999;5,51181100
-0,70655999;4,72440900
-0,70495999;4,72440900
-0,70335999;3,93700800
-0,70175999;3,93700800
-0,70015999;3,93700800
-0,69855999;2,36220500
-0,69695999;1,96850400
-0,69535999;1,96850400
-0,69375999;2,36220500
-0,69215999;1,96850400
-0,69055999;1,57480300
-0,68895999;1,57480300
-0,68735999;1,96850400
-0,68575999;1,96850400
-0,68415999;2,36220500
-0,68255999;1,57480300
-0,68095999;1,57480300
-0,67935999;2,36220500
-0,67775999;1,96850400
-0,67615999;1,18110200
-0,67455999;0,39370070
-0,67295999;1,18110200
-0,67135999;0,78740150
-0,66975999;1,18110200
-0,66815999;0,78740150
-0,66655999;1,18110200
-0,66495999;1,57480300
-0,66335999;1,57480300
-0,66175999;0,78740150
-0,66015999;1,57480300
-0,65855999;0,78740150
-0,65695999;1,18110200
-0,65535999;0,39370070
-0,65375999;1,57480300
-0,65215999;1,18110200
-0,65055999;0,78740150
-0,64895999;1,57480300
-0,64735999;0,78740150
-0,64575999;1,18110200
-0,64415999;0,39370070
-0,64255999;1,18110200
-0,64095999;0,78740150
-0,63935999;1,57480300
-0,63775999;1,18110200
-0,63615999;1,18110200
-0,63455999;0,39370070
-0,63295999;0,78740150
-0,63135999;0,78740150
-0,62975999;1,18110200
-0,62815999;0,39370070
-0,62655999;0,78740150
-0,62495999;0,78740150
-0,62335999;0,78740150
-0,62175999;1,18110200
-0,62015999;0,00000000
-0,61855999;0,00000000
-0,61695999;1,18110200
-0,61535999;1,18110200
-0,61375999;1,18110200
-0,61215999;0,39370070
-0,61055999;1,18110200
-0,60895999;0,78740150
-0,60735999;0,78740150
-0,60575999;0,39370070
-0,60415999;6,29921200
-0,60255999;6,29921200
-0,60095999;5,90551100
-0,59935999;5,51181100
-0,59775999;4,72440900
-0,59615999;4,72440900
-0,59455999;3,54330700
-0,59295999;3,54330700
-0,59135999;3,14960600
-0,58975999;2,36220500
-0,58815999;2,36220500
-0,58655999;1,57480300
-0,58495999;1,18110200
-0,58335999;2,36220500
-0,58175999;1,96850400
-0,58015999;1,18110200
-0,57855999;0,78740150
-0,57695999;0,78740150
-0,57535999;1,96850400
-0,57375999;0,00000000
-0,57215999;1,18110200
-0,57055999;1,18110200
-0,56895999;0,00000000
-0,56735999;0,78740150
-0,56575999;1,57480300
-0,56415999;0,78740150
-0,56255999;0,39370070
-0,56095999;0,39370070
-0,55935999;1,18110200
-0,55775999;1,18110200
-0,55615999;1,57480300
-0,55455999;1,18110200
-0,55295999;1,57480300
-0,55135999;0,39370070
-0,54975999;0,78740150
-0,54815999;0,00000000
-0,54655999;0,39370070
-0,54495999;0,78740150
-0,54335999;1,18110200
-0,54175999;1,18110200
-0,54015999;1,18110200
-0,53855999;1,18110200
-0,53695999;1,57480300
-0,53535999;1,18110200
-0,53375999;0,39370070
-0,53215999;0,78740150
-0,53055999;1,18110200
-0,52895999;0,78740150
-0,52735999;0,39370070
-0,52575999;1,18110200
-0,52415999;0,39370070
-0,52255999;0,78740150
-0,52095999;0,39370070
-0,51935999;0,78740150
-0,51775999;0,00000000
-0,51615999;0,39370070
-0,51455999;0,00000000
-0,51295999;1,18110200
-0,51135999;0,78740150
-0,50975999;0,78740150
-0,50815999;0,78740150
-0,50655999;1,18110200
-0,50495999;0,78740150
-0,50335999;0,78740150
-0,50175999;0,39370070
-0,50015999;0,39370070
-0,49855999;0,78740150
-0,49695999;0,00000000
-0,49535999;1,18110200
-0,49375999;1,18110200
-0,49215999;1,18110200
-0,49055999;0,78740150
-0,48895999;0,78740150
-0,48735999;0,00000000
-0,48575999;0,39370070
-0,48415999;0,39370070
-0,48255999;1,57480300
-0,48095999;1,57480300
-0,47935999;1,18110200
-0,47775999;1,18110200
-0,47615999;0,39370070
-0,47455999;1,18110200
-0,47295999;1,18110200
-0,47135999;0,78740150
-0,46975999;0,78740150
-0,46815999;0,39370070
-0,46655999;0,78740150
-0,46495999;0,39370070
-0,46335999;0,78740150
-0,46175999;0,78740150
-0,46015999;0,39370070
-0,45855999;0,78740150
-0,45695999;0,78740150
-0,45535999;1,57480300
-0,45375999;1,18110200
-0,45215999;0,78740150
-0,45055999;0,78740150
-0,44895999;0,78740150
-0,44735999;1,57480300
-0,44575999;1,18110200
-0,44415999;0,39370070
-0,44255999;0,78740150
-0,44095999;0,39370070
-0,43935999;0,78740150
-0,43775999;0,78740150
-0,43615999;0,78740150
-0,43455999;0,78740150
-0,43295999;1,18110200
-0,43135999;1,57480300
-0,42975999;1,18110200
-0,42815999;0,39370070
-0,42655999;0,78740150
-0,42495999;0,78740150
-0,42335999;0,00000000
-0,42175999;0,39370070
-0,42015999;0,00000000
-0,41855999;0,78740150
-0,41695999;0,39370070
-0,41535999;1,57480300
-0,41375999;1,18110200
-0,41215999;0,78740150
-0,41055999;0,78740150
-0,40895999;0,00000000
-0,40735999;1,18110200
-0,40575999;0,78740150
-0,40415999;0,78740150
-0,40255999;0,78740150
-0,40095999;0,39370070
-0,39935999;1,18110200
-0,39775999;0,00000000
-0,39615999;0,78740150
-0,39455999;0,39370070
-0,39295999;0,39370070
-0,39135999;1,18110200
-0,38975999;0,78740150
-0,38815999;1,18110200
-0,38655999;1,18110200
-0,38495999;0,78740150
-0,38335999;0,39370070
-0,38175999;0,00000000
-0,38015999;0,78740150
-0,37855999;1,18110200
-0,37695999;1,57480300
-0,37535999;1,18110200
-0,37375999;0,39370070
-0,37215999;0,78740150
-0,37055999;0,78740150
-0,36895999;1,18110200
-0,36735999;0,78740150
-0,36575999;0,78740150
-0,36415998;0,78740150
-0,36255998;0,78740150
-0,36095998;0,39370070
-0,35935998;1,18110200
-0,35775998;1,18110200
-0,35615998;0,00000000
-0,35455998;0,78740150
-0,35295998;0,78740150
-0,35135998;0,78740150
-0,34975998;1,18110200
-0,34815998;0,39370070
-0,34655998;0,39370070
-0,34495998;1,57480300
-0,34335998;0,78740150
-0,34175998;0,78740150
-0,34015998;1,57480300
-0,33855998;1,18110200
-0,33695998;0,00000000
-0,33535998;0,78740150
-0,33375998;1,57480300
-0,33215998;0,00000000
-0,33055998;1,18110200
-0,32895998;0,78740150
-0,32735998;0,78740150
-0,32575998;0,78740150
-0,32415998;0,78740150
-0,32255998;1,18110200
-0,32095998;1,18110200
-0,31935998;1,18110200
-0,31775998;0,00000000
-0,31615998;0,78740150
-0,31455998;1,18110200
-0,31295998;1,57480300
-0,31135998;1,57480300
-0,30975998;1,57480300
-0,30815998;0,39370070
-0,30655998;0,78740150
-0,30495998;1,18110200
-0,30335998;0,78740150
-0,30175998;0,78740150
-0,30015998;0,78740150
-0,29855998;0,78740150
-0,29695998;1,18110200
-0,29535998;0,78740150
-0,29375998;0,78740150
-0,29215998;1,18110200
-0,29055998;0,00000000
-0,28895998;1,18110200
-0,28735998;0,78740150
-0,28575998;1,18110200
-0,28415998;1,96850400
-0,28255998;2,36220500
-0,28095998;1,57480300
-0,27935998;0,78740150
-0,27775998;0,39370070
-0,27615998;1,18110200
-0,27455998;1,18110200
-0,27295998;1,18110200
-0,27135998;0,78740150
-0,26975998;0,78740150
-0,26815998;1,18110200
-0,26655998;0,78740150
-0,26495998;1,18110200
-0,26335998;1,57480300
-0,26175998;0,78740150
-0,26015998;1,18110200
-0,25855998;1,18110200
-0,25695998;1,18110200
-0,25535998;0,78740150
-0,25375998;1,18110200
-0,25215998;0,39370070
-0,25055998;1,18110200
-0,24895998;1,57480300
-0,24735998;1,57480300
-0,24575998;1,57480300
-0,24415998;1,57480300
-0,24255998;0,78740150
-0,24095998;0,78740150
-0,23935998;1,18110200
-0,23775998;0,39370070
-0,23615998;0,78740150
-0,23455998;0,39370070
-0,23295998;1,57480300
-0,23135998;0,39370070
-0,22975998;1,18110200
-0,22815998;0,78740150
-0,22655998;1,57480300
-0,22495998;0,78740150
-0,22335998;0,39370070
-0,22175998;0,78740150
-0,22015998;1,96850400
-0,21855998;1,57480300
-0,21695998;1,18110200
-0,21535998;0,78740150
-0,21375998;0,78740150
-0,21215998;0,00000000
-0,21055998;0,78740150
-0,20895998;1,18110200
-0,20735998;1,18110200
-0,20575998;1,18110200
-0,20415998;1,18110200
-0,20255998;0,78740150
-0,20095998;0,78740150
-0,19935998;0,78740150
-0,19775998;1,18110200
-0,19615998;1,18110200
-0,19455998;0,39370070
-0,19295998;0,78740150
-0,19135998;0,78740150
-0,18975998;0,78740150
-0,18815998;0,78740150
-0,18655998;1,18110200
-0,18495998;1,96850400
-0,18335998;1,18110200
-0,18175998;1,57480300
-0,18015998;1,18110200
-0,17855998;1,57480300
-0,17695998;1,18110200
-0,17535998;0,00000000
-0,17375998;1,18110200
-0,17215998;1,57480300
-0,17055998;0,78740150
-0,16895998;0,78740150
-0,16735998;0,78740150
-0,16575998;0,78740150
-0,16415998;1,57480300
-0,16255998;1,18110200
-0,16095998;1,57480300
-0,15935998;1,57480300
-0,15775998;0,39370070
-0,15615998;0,39370070
-0,15455998;1,57480300
-0,15295998;0,39370070
-0,15135998;1,57480300
-0,14975998;1,18110200
-0,14815998;1,18110200
-0,14655998;1,18110200
-0,14495998;1,18110200
-0,14335998;0,78740150
-0,14175998;0,39370070
-0,14015998;1,57480300
-0,13855998;1,18110200
-0,13695998;1,18110200
-0,13535998;1,18110200
-0,13375998;1,18110200
-0,13215998;1,96850400
-0,13055998;1,18110200
-0,12895998;1,96850400
-0,12735998;1,18110200
-0,12575998;0,78740150
-0,12415998;1,57480300
-0,12255998;1,18110200
-0,12095998;0,39370070
-0,11935998;1,96850400
-0,11775998;1,18110200
-0,11615998;0,39370070
-0,11455998;0,39370070
-0,11295998;1,57480300
-0,11135998;0,78740150
-0,10975998;0,78740150
-0,10815998;1,18110200
-0,10655998;1,57480300
-0,10495998;0,78740150
-0,10335998;1,18110200
-0,10175998;1,18110200
-0,10015998;0,78740150
-0,09855998;1,96850400
-0,09695998;1,57480300
-0,09535998;0,39370070
-0,09375998;1,57480300
-0,09215998;1,18110200
-0,09055998;1,18110200
-0,08895998;1,18110200
-0,08735998;0,39370070
-0,08575998;0,78740150
-0,08415998;1,18110200
-0,08255998;0,78740150
-0,08095998;1,18110200
-0,07935998;1,18110200
-0,07775998;1,18110200
-0,07615998;1,57480300
-0,07455998;1,57480300
-0,07295998;1,57480300
-0,07135998;0,78740150
-0,06975998;1,57480300
-0,06815998;0,78740150
-0,06655998;1,18110200
-0,06495998;1,57480300
-0,06335998;1,57480300
-0,06175998;0,78740150
-0,06015998;1,57480300
-0,05855998;1,18110200
-0,05695998;1,57480300
-0,05535998;1,18110200
-0,05375998;0,78740150
-0,05215998;1,96850400
-0,05055998;1,96850400
-0,04895998;0,39370070
-0,04735998;1,18110200
-0,04575998;0,78740150
-0,04415998;0,78740150
-0,04255998;1,18110200
-0,04095998;1,18110200
-0,03935998;1,57480300
-0,03775998;1,57480300
-0,03615998;0,78740150
-0,03455998;1,18110200
-0,03295998;1,18110200
-0,03135998;0,39370070
-0,02975998;0,78740150
-0,02815998;0,78740150
-0,02655998;1,18110200
-0,02495998;0,78740150
-0,02335998;0,78740150
-0,02175998;1,18110200
-0,02015998;1,57480300
-0,01855998;1,18110200
-0,01695998;1,57480300
-0,01535998;0,78740150
-0,01375998;1,57480300
-0,01215998;1,57480300
-0,01055998;0,78740150
-0,00895998;1,18110200
-0,00735998;0,78740150
-0,00575998;0,78740150
-0,00415998;1,18110200
-0,00255998;1,18110200
-0,00095998;3,14960600
0,00064002;11,02362000
0,00224002;11,02362000
0,00384002;11,81102000
0,00544002;10,23622000
0,00704002;8,66141700
0,00864002;7,08661400
0,01024002;6,29921200
0,01184002;5,90551100
0,01344002;5,11811000
0,01504002;4,72440900
0,01664002;3,54330700
0,01824002;3,93700800
0,01984002;2,75590500
0,02144002;3,14960600
0,02304002;2,36220500
0,02464002;1,96850400
0,02624002;1,57480300
0,02784002;1,96850400
0,02944002;2,75590500
0,03104002;1,57480300
0,03264002;2,36220500
0,03424002;1,18110200
0,03584002;0,78740150
0,03744002;0,78740150
0,03904002;1,96850400
0,04064002;1,57480300
0,04224002;1,96850400
0,04384002;1,18110200
0,04544002;1,18110200
0,04704002;0,78740150
0,04864002;0,78740150
0,05024002;2,36220500
0,05184002;0,78740150
0,05344002;1,57480300
0,05504002;1,57480300
0,05664002;1,18110200
0,05824002;0,78740150
0,05984002;0,39370070
0,06144002;0,00000000
0,06304002;0,78740150
0,06464002;0,78740150
0,06624002;0,78740150
0,06784002;0,78740150
0,06944002;0,00000000
0,07104002;0,39370070
0,07264002;1,18110200
0,07424002;0,78740150
0,07584002;1,18110200
0,07744002;0,39370070
0,07904002;1,18110200
0,08064002;1,57480300
0,08224002;0,78740150
0,08384002;0,78740150
0,08544002;0,78740150
0,08704002;0,39370070
0,08864002;0,78740150
0,09024002;0,39370070
0,09184002;0,39370070
0,09344002;1,57480300
0,09504002;0,78740150
0,09664002;0,39370070
0,09824002;0,39370070
0,09984002;0,78740150
0,10144002;1,57480300
0,10304002;0,78740150
0,10464002;0,78740150
0,10624002;0,39370070
0,10784002;1,18110200
0,10944002;0,78740150
0,11104002;0,78740150
0,11264002;0,39370070
0,11424002;1,18110200
0,11584002;1,57480300
0,11744002;0,78740150
0,11904002;0,78740150
0,12064002;0,39370070
0,12224002;0,78740150
0,12384002;1,57480300
0,12544002;0,78740150
0,12704002;1,18110200
0,12864002;1,18110200
0,13024002;0,00000000
0,13184002;-0,39370070
0,13344002;0,39370070
0,13504002;0,78740150
0,13664002;1,18110200
0,13824002;1,57480300
0,13984002;6,29921200
0,14144002;4,72440900
0,14304002;6,29921200
0,14464002;5,11811000
0,14624002;5,51181100
0,14784002;3,93700800
0,14944002;3,54330700
0,15104002;3,14960600
0,15264002;2,75590500
0,15424002;1,57480300
0,15584002;1,96850400
0,15744002;2,36220500
0,15904002;1,18110200
0,16064002;2,36220500
0,16224002;1,18110200
0,16384002;1,96850400
0,16544002;1,57480300
0,16704002;1,57480300
0,16864002;1,18110200
0,17024002;0,78740150
0,17184002;1,57480300
0,17344002;0,78740150
0,17504002;1,18110200
0,17664002;1,18110200
0,17824002;0,39370070
0,17984002;0,78740150
0,18144002;0,78740150
0,18304002;0,78740150
0,18464002;1,18110200
0,18624002;1,18110200
0,18784002;0,78740150
0,18944002;0,39370070
0,19104002;0,78740150
0,19264002;0,39370070
0,19424002;0,78740150
0,19584002;1,18110200
0,19744002;0,78740150
0,19904002;0,39370070
0,20064002;0,78740150
0,20224002;0,00000000
0,20384002;0,78740150
0,20544002;1,18110200
0,20704002;0,00000000
0,20864002;0,78740150
0,21024002;0,39370070
0,21184002;1,18110200
0,21344002;0,78740150
0,21504002;1,18110200
0,21664002;0,39370070
0,21824002;0,39370070
0,21984002;1,18110200
0,22144002;1,18110200
0,22304002;0,39370070
0,22464002;0,00000000
0,22624002;0,78740150
0,22784002;1,18110200
0,22944002;0,78740150
0,23104002;0,39370070
0,23264002;0,00000000
0,23424002;0,78740150
0,23584002;0,00000000
0,23744002;0,00000000
0,23904002;0,00000000
0,24064002;-0,39370070
0,24224002;0,78740150
0,24384002;0,39370070
0,24544002;0,00000000
0,24704002;1,18110200
0,24864002;1,18110200
0,25024002;1,18110200
0,25184002;0,39370070
0,25344002;0,39370070
0,25504002;0,78740150
0,25664002;0,00000000
0,25824002;0,39370070
0,25984002;0,00000000
0,26144002;0,00000000
0,26304002;0,78740150
0,26464002;0,39370070
0,26624002;0,78740150
0,26784002;0,78740150
0,26944002;0,78740150
0,27104002;0,78740150
0,27264002;0,39370070
0,27424002;-0,39370070
0,27584002;1,18110200
0,27744002;0,39370070
0,27904002;0,39370070
0,28064002;0,39370070
0,28224002;0,00000000
0,28384002;0,39370070
0,28544002;0,78740150
0,28704002;0,39370070
0,28864002;0,39370070
0,29024002;0,78740150
0,29184002;0,39370070
0,29344002;0,00000000
0,29504002;0,39370070
0,29664002;0,39370070
0,29824002;0,78740150
0,29984002;1,18110200
0,30144002;0,78740150
0,30304002;0,39370070
0,30464002;1,18110200
0,30624002;0,78740150
0,30784002;0,78740150
0,30944002;0,39370070
0,31104002;0,78740150
0,31264002;0,78740150
0,31424002;1,18110200
0,31584002;0,00000000
0,31744002;0,00000000
0,31904002;0,78740150
0,32064002;0,39370070
0,32224002;0,39370070
0,32384002;0,00000000
0,32544002;0,39370070
0,32704002;0,78740150
0,32864002;0,78740150
0,33024002;1,18110200
0,33184002;1,57480300
0,33344002;0,78740150
0,33504002;0,78740150
0,33664002;0,00000000
0,33824002;0,39370070
0,33984002;0,00000000
0,34144002;0,00000000
0,34304002;0,78740150
0,34464002;0,39370070
0,34624002;0,39370070
0,34784002;1,18110200
0,34944002;1,57480300
0,35104002;0,39370070
0,35264002;0,78740150
0,35424002;1,18110200
0,35584002;1,57480300
0,35744002;0,78740150
0,35904002;0,00000000
0,36064002;0,00000000
0,36224002;0,39370070
0,36384002;1,18110200
0,36544002;0,78740150
0,36704002;0,39370070
0,36864002;1,18110200
0,37024002;0,39370070
0,37184002;0,00000000
0,37344002;0,00000000
0,37504002;0,39370070
0,37664002;0,78740150
0,37824002;0,39370070
0,37984002;1,18110200
0,38144002;0,39370070
0,38304002;0,78740150
0,38464002;1,57480300
0,38624003;0,78740150
0,38784003;1,18110200
0,38944003;0,78740150
0,39104003;0,78740150
0,39264003;0,78740150
0,39424003;0,39370070
0,39584003;1,18110200
0,39744003;1,18110200
0,39904003;1,18110200
0,40064003;1,18110200
0,40224003;0,78740150
0,40384003;0,39370070
0,40544003;0,39370070
0,40704003;0,39370070
0,40864003;0,78740150
0,41024003;1,18110200
0,41184003;0,39370070
0,41344003;1,18110200
0,41504003;1,18110200
0,41664003;0,78740150
0,41824003;1,96850400
0,41984003;5,51181100
0,42144003;5,51181100
0,42304003;5,90551100
0,42464003;4,72440900
0,42624003;4,72440900
0,42784003;3,54330700
0,42944003;2,75590500
0,43104003;3,14960600
0,43264003;2,36220500
0,43424003;1,96850400
0,43584003;2,36220500
0,43744003;1,96850400
0,43904003;1,57480300
0,44064003;1,57480300
0,44224003;1,57480300
0,44384003;1,18110200
0,44544003;1,57480300
0,44704003;1,18110200
0,44864003;1,18110200
0,45024003;1,57480300
0,45184003;1,57480300
0,45344003;1,18110200
0,45504003;0,78740150
0,45664003;0,78740150
0,45824003;1,18110200
0,45984003;1,18110200
0,46144003;1,18110200
0,46304003;1,18110200
0,46464003;0,78740150
0,46624003;0,39370070
0,46784003;0,39370070
0,46944003;1,18110200
0,47104003;0,78740150
0,47264003;0,78740150
0,47424003;0,39370070
0,47584003;0,78740150
0,47744003;0,78740150
0,47904003;0,00000000
0,48064003;1,18110200
0,48224003;0,78740150
0,48384003;1,18110200
0,48544003;1,18110200
0,48704003;0,00000000
0,48864003;1,18110200
0,49024003;0,39370070
0,49184003;0,39370070
0,49344003;0,00000000
0,49504003;0,78740150
0,49664003;0,78740150
0,49824003;0,78740150
0,49984003;1,18110200
0,50144003;1,18110200
0,50304003;0,78740150
0,50464003;1,18110200
0,50624003;1,18110200
0,50784003;0,78740150
0,50944003;0,00000000
0,51104003;0,78740150
0,51264003;0,78740150
0,51424003;1,57480300
0,51584003;1,18110200
0,51744003;0,39370070
0,51904003;0,78740150
0,52064003;1,18110200
0,52224003;0,78740150
0,52384003;0,00000000
0,52544003;0,78740150
0,52704003;0,78740150
0,52864003;0,39370070
0,53024003;0,78740150
0,53184003;0,78740150
0,53344003;0,39370070
0,53504003;0,39370070
0,53664003;-0,39370070
0,53824003;0,39370070
0,53984003;0,78740150
0,54144003;-0,39370070
0,54304003;0,39370070
0,54464003;1,18110200
0,54624003;1,96850400
0,54784003;1,18110200
0,54944003;0,39370070
0,55104003;0,78740150
0,55264003;0,39370070
0,55424003;0,78740150
0,55584003;0,39370070
0,55744003;1,57480300
0,55904003;0,78740150
0,56064003;0,39370070
0,56224003;0,78740150
0,56384003;1,18110200
0,56544003;0,78740150
0,56704003;1,18110200
0,56864003;1,18110200
0,57024003;0,78740150
0,57184003;0,78740150
0,57344003;1,18110200
0,57504003;0,78740150
0,57664003;1,18110200
0,57824003;1,57480300
0,57984003;0,00000000
0,58144003;0,39370070
0,58304003;0,39370070
0,58464003;1,18110200
0,58624003;1,18110200
0,58784003;0,78740150
0,58944003;0,78740150
0,59104003;0,78740150
0,59264003;0,78740150
0,59424003;0,39370070
0,59584003;0,78740150
0,59744003;1,18110200
0,59904003;1,18110200
0,60064003;0,00000000
0,60224003;0,39370070
0,60384003;1,18110200
0,60544003;0,78740150
0,60704003;0,78740150
0,60864003;1,57480300
0,61024003;0,78740150
0,61184003;0,39370070
0,61344003;0,78740150
0,61504003;1,18110200
0,61664003;0,78740150
0,61824003;0,39370070
0,61984003;0,78740150
0,62144003;0,78740150
0,62304003;1,18110200
0,62464003;0,78740150
0,62624003;0,78740150
0,62784003;1,18110200
0,62944003;0,78740150
0,63104003;1,57480300
0,63264003;1,57480300
0,63424003;0,78740150
0,63584003;0,39370070
0,63744003;1,18110200
0,63904003;0,39370070
0,64064003;0,78740150
0,64224003;0,78740150
0,64384003;0,78740150
0,64544003;0,78740150
0,64704003;0,78740150
0,64864003;1,57480300
0,65024003;0,39370070
0,65184003;0,78740150
0,65344003;0,39370070
0,65504003;0,78740150
0,65664003;0,00000000
0,65824003;0,78740150
0,65984003;0,39370070
0,66144003;0,39370070
0,66304003;1,57480300
0,66464003;1,18110200
0,66624003;1,18110200
0,66784003;1,57480300
0,66944003;0,78740150
0,67104003;1,18110200
0,67264003;1,18110200
0,67424003;1,18110200
0,67584003;0,78740150
0,67744003;0,39370070
0,67904003;0,78740150
0,68064003;-0,39370070
0,68224003;1,18110200
0,68384003;0,39370070
0,68544003;1,18110200
0,68704003;1,18110200
0,68864003;0,00000000
0,69024003;0,78740150
0,69184003;0,78740150
0,69344003;0,78740150
0,69504003;0,78740150
0,69664003;1,18110200
0,69824003;0,78740150
0,69984003;0,78740150
0,70144003;1,18110200
0,70304003;1,57480300
0,70464003;0,78740150
0,70624003;0,39370070
0,70784003;0,00000000
0,70944003;0,78740150
0,71104003;1,57480300
0,71264003;0,39370070
0,71424003;0,78740150
0,71584003;0,78740150
0,71744003;0,78740150
0,71904003;0,39370070
0,72064003;0,00000000
0,72224003;0,39370070
0,72384003;0,78740150
0,72544003;1,18110200
0,72704003;1,57480300
0,72864003;0,39370070
0,73024003;0,78740150
0,73184003;0,78740150
0,73344003;0,00000000
0,73504003;0,78740150
0,73664003;0,78740150
0,73824003;0,78740150
0,73984003;1,18110200
0,74144003;0,78740150
0,74304003;0,78740150
0,74464003;1,18110200
0,74624003;0,78740150
0,74784003;0,78740150
0,74944003;1,57480300
0,75104003;0,78740150
0,75264003;0,39370070
0,75424003;1,18110200
0,75584003;1,18110200
0,75744003;0,39370070
0,75904003;0,78740150
0,76064003;0,78740150
0,76224003;0,78740150
0,76384003;1,57480300
0,76544003;0,78740150
0,76704003;0,78740150
0,76864003;0,78740150
0,77024003;0,39370070
0,77184003;1,18110200
0,77344003;1,57480300
0,77504003;1,57480300
0,77664003;0,78740150
0,77824003;1,18110200
0,77984003;0,78740150
0,78144003;1,18110200
0,78304003;0,78740150
0,78464003;1,96850400
0,78624003;1,18110200
0,78784003;0,78740150
0,78944003;1,18110200
0,79104003;0,39370070
0,79264003;0,78740150
0,79424003;0,78740150
0,79584003;0,78740150
0,79744003;0,39370070
0,79904003;0,78740150
0,80064003;1,57480300
0,80224003;1,18110200
0,80384003;1,57480300
0,80544003;0,78740150
0,80704003;1,96850400
0,80864003;0,78740150
0,81024003;1,18110200
0,81184003;1,18110200
0,81344003;0,78740150
0,81504003;1,18110200
0,81664003;1,18110200
0,81824003;1,18110200
0,81984003;0,39370070
0,82144003;0,39370070
0,82304003;1,57480300
0,82464003;0,78740150
0,82624003;0,39370070
0,82784003;0,78740150
0,82944003;0,78740150
0,83104003;1,57480300
0,83264003;1,18110200
0,83424003;0,39370070
0,83584003;1,57480300
0,83744003;0,39370070
0,83904003;1,18110200
0,84064003;0,78740150
0,84224003;1,18110200
0,84384003;0,78740150
0,84544003;0,78740150
0,84704003;0,00000000
0,84864003;1,18110200
0,85024003;1,18110200
0,85184003;1,18110200
0,85344003;1,57480300
0,85504003;0,78740150
0,85664003;0,78740150
0,85824003;0,78740150
0,85984003;1,18110200
0,86144003;0,39370070
0,86304003;1,57480300
0,86464003;1,18110200
0,86624003;0,39370070
0,86784003;1,18110200
0,86944003;0,39370070
0,87104003;1,57480300
0,87264003;0,78740150
0,87424003;1,57480300
0,87584003;0,78740150
0,87744003;0,39370070
0,87904003;1,57480300
0,88064003;1,57480300
0,88224003;1,18110200
0,88384003;0,78740150
0,88544003;1,18110200
0,88704003;0,39370070
0,88864003;0,78740150
0,89024003;0,00000000
0,89184003;0,78740150
0,89344003;0,00000000
0,89504003;1,18110200
0,89664003;0,39370070
0,89824003;1,18110200
0,89984003;1,18110200
0,90144003;1,57480300
0,90304003;0,39370070
0,90464003;0,00000000
0,90624003;1,18110200
0,90784003;1,57480300
0,90944003;1,18110200
0,91104003;1,18110200
0,91264003;1,18110200
0,91424003;0,78740150
0,91584003;1,18110200
0,91744003;1,18110200
0,91904003;1,18110200
0,92064003;1,18110200
0,92224003;0,78740150
0,92384003;1,18110200
0,92544003;0,78740150
0,92704003;1,18110200
0,92864003;1,18110200
0,93024003;1,57480300
0,93184003;1,57480300
0,93344003;0,78740150
0,93504003;0,78740150
0,93664003;0,39370070
0,93824003;1,57480300
0,93984003;1,18110200
0,94144003;1,57480300
0,94304003;0,39370070
0,94464003;1,57480300
0,94624003;1,18110200
0,94784003;1,18110200
0,94944003;1,57480300
0,95104003;1,18110200
0,95264003;0,39370070
0,95424003;1,18110200
0,95584003;0,78740150
0,95744003;1,18110200
0,95904003;0,39370070
0,96064003;0,39370070
0,96224003;0,78740150
0,96384003;1,57480300
0,96544003;1,18110200
0,96704003;1,18110200
0,96864003;0,78740150
0,97024003;0,39370070
0,97184003;1,18110200
0,97344003;0,78740150
0,97504003;1,18110200
0,97664003;1,18110200
0,97824003;0,78740150
0,97984003;1,18110200
0,98144003;1,57480300
0,98304003;1,57480300
0,98464003;1,18110200
0,98624003;0,39370070
0,98784003;0,78740150
0,98944003;1,57480300
0,99104003;1,57480300
0,99264003;1,18110200
0,99424003;0,39370070
0,99584003;1,57480300
0,99744003;0,78740150
0,99904003;1,18110200
1,00064003;1,18110200
1,00224003;0,78740150
1,00384003;1,18110200
1,00544003;0,78740150
1,00704003;0,78740150
1,00864003;0,39370070
1,01024003;1,18110200
1,01184003;0,78740150
1,01344003;1,18110200
1,01504003;1,18110200
1,01664003;0,78740150
1,01824003;1,18110200
1,01984003;0,78740150
1,02144003;0,78740150
1,02304003;0,39370070
1,02464003;1,18110200
1,02624003;1,57480300
1,02784003;1,18110200
1,02944003;0,78740150
1,03104003;1,18110200
1,03264003;1,57480300
1,03424003;0,78740150
1,03584003;0,78740150
1,03744003;1,18110200
1,03904003;0,78740150
1,04064003;1,18110200
1,04224003;1,57480300
1,04384003;2,36220500
1,04544003;1,18110200
1,04704003;1,18110200
1,04864003;0,39370070
1,05024003;1,18110200
1,05184003;1,18110200
1,05344003;1,18110200
1,05504003;1,57480300
1,05664003;1,18110200
1,05824003;0,39370070
1,05984003;1,18110200
1,06144003;0,78740150
1,06304003;1,57480300
