Time;Channel B
(us);(mV)

-0,94236862;1,57480300
-0,94076862;1,57480300
-0,93916862;1,18110200
-0,93756862;1,18110200
-0,93596862;0,78740150
-0,93436862;0,00000000
-0,93276862;1,18110200
-0,93116862;1,96850400
-0,92956862;1,18110200
-0,92796862;1,18110200
-0,92636862;0,00000000
-0,92476862;0,78740150
-0,92316862;0,39370070
-0,92156862;0,39370070
-0,91996862;1,18110200
-0,91836862;1,18110200
-0,91676862;1,18110200
-0,91516862;1,18110200
-0,91356862;0,78740150
-0,91196862;1,18110200
-0,91036862;1,18110200
-0,90876862;1,18110200
-0,90716862;0,78740150
-0,90556862;1,57480300
-0,90396862;1,18110200
-0,90236862;1,18110200
-0,90076862;0,78740150
-0,89916862;0,78740150
-0,89756862;0,78740150
-0,89596862;1,18110200
-0,89436862;1,18110200
-0,89276862;1,18110200
-0,89116862;0,78740150
-0,88956862;1,18110200
-0,88796862;0,78740150
-0,88636862;0,78740150
-0,88476862;1,18110200
-0,88316862;1,18110200
-0,88156862;0,78740150
-0,87996862;0,78740150
-0,87836862;1,18110200
-0,87676862;0,39370070
-0,87516862;1,57480300
-0,87356862;0,39370070
-0,87196862;0,39370070
-0,87036862;1,18110200
-0,86876862;1,57480300
-0,86716862;1,18110200
-0,86556862;1,18110200
-0,86396862;1,18110200
-0,86236862;1,57480300
-0,86076862;0,78740150
-0,85916862;0,78740150
-0,85756862;1,18110200
-0,85596862;1,18110200
-0,85436862;1,18110200
-0,85276862;1,18110200
-0,85116862;0,78740150
-0,84956862;1,57480300
-0,84796862;1,18110200
-0,84636862;1,18110200
-0,84476862;1,57480300
-0,84316862;0,78740150
-0,84156862;1,18110200
-0,83996862;1,57480300
-0,83836862;1,18110200
-0,83676862;1,18110200
-0,83516862;1,18110200
-0,83356862;1,18110200
-0,83196862;0,78740150
-0,83036862;1,57480300
-0,82876862;1,57480300
-0,82716862;1,57480300
-0,82556862;0,78740150
-0,82396862;1,18110200
-0,82236862;0,39370070
-0,82076862;0,78740150
-0,81916862;1,18110200
-0,81756862;1,18110200
-0,81596862;0,39370070
-0,81436862;1,57480300
-0,81276862;1,18110200
-0,81116862;0,39370070
-0,80956862;0,78740150
-0,80796862;1,57480300
-0,80636862;1,18110200
-0,80476862;0,39370070
-0,80316862;0,78740150
-0,80156862;0,78740150
-0,79996862;0,39370070
-0,79836862;0,78740150
-0,79676862;1,18110200
-0,79516862;0,78740150
-0,79356862;1,96850400
-0,79196862;1,18110200
-0,79036862;2,36220500
-0,78876862;0,78740150
-0,78716862;0,78740150
-0,78556862;0,39370070
-0,78396862;0,78740150
-0,78236862;0,78740150
-0,78076862;1,57480300
-0,77916862;0,78740150
-0,77756862;1,57480300
-0,77596862;0,39370070
-0,77436862;1,18110200
-0,77276862;0,39370070
-0,77116862;0,78740150
-0,76956862;0,39370070
-0,76796862;0,00000000
-0,76636862;0,78740150
-0,76476862;1,18110200
-0,76316862;1,18110200
-0,76156862;1,18110200
-0,75996862;0,00000000
-0,75836862;0,39370070
-0,75676862;1,18110200
-0,75516862;1,18110200
-0,75356862;0,78740150
-0,75196862;0,78740150
-0,75036862;1,18110200
-0,74876862;1,18110200
-0,74716862;0,78740150
-0,74556862;0,78740150
-0,74396862;1,18110200
-0,74236862;1,18110200
-0,74076862;1,18110200
-0,73916862;1,18110200
-0,73756862;0,78740150
-0,73596862;1,57480300
-0,73436862;1,18110200
-0,73276862;1,57480300
-0,73116862;0,78740150
-0,72956862;0,78740150
-0,72796862;0,39370070
-0,72636862;1,57480300
-0,72476862;1,18110200
-0,72316862;1,57480300
-0,72156862;0,78740150
-0,71996862;0,78740150
-0,71836862;0,78740150
-0,71676862;0,39370070
-0,71516862;0,78740150
-0,71356862;0,39370070
-0,71196862;1,18110200
-0,71036862;1,18110200
-0,70876862;0,78740150
-0,70716862;0,78740150
-0,70556862;0,78740150
-0,70396862;1,18110200
-0,70236862;0,78740150
-0,70076862;1,96850400
-0,69916862;1,57480300
-0,69756862;0,78740150
-0,69596862;1,18110200
-0,69436862;1,57480300
-0,69276862;1,57480300
-0,69116862;2,36220500
-0,68956862;0,78740150
-0,68796862;0,00000000
-0,68636862;1,57480300
-0,68476862;0,39370070
-0,68316862;1,57480300
-0,68156862;1,18110200
-0,67996862;0,78740150
-0,67836862;1,18110200
-0,67676862;1,18110200
-0,67516862;1,18110200
-0,67356862;1,18110200
-0,67196862;0,78740150
-0,67036862;1,18110200
-0,66876862;1,57480300
-0,66716862;1,18110200
-0,66556862;0,78740150
-0,66396862;0,78740150
-0,66236862;0,78740150
-0,66076862;0,00000000
-0,65916862;1,57480300
-0,65756862;1,18110200
-0,65596862;0,78740150
-0,65436862;1,18110200
-0,65276862;1,18110200
-0,65116862;1,57480300
-0,64956862;1,18110200
-0,64796862;0,78740150
-0,64636862;0,39370070
-0,64476862;1,96850400
-0,64316862;1,18110200
-0,64156862;0,78740150
-0,63996862;0,78740150
-0,63836862;1,18110200
-0,63676862;1,18110200
-0,63516862;1,18110200
-0,63356862;1,18110200
-0,63196862;0,39370070
-0,63036862;0,78740150
-0,62876862;0,78740150
-0,62716862;1,18110200
-0,62556862;1,18110200
-0,62396862;1,18110200
-0,62236862;1,18110200
-0,62076862;1,18110200
-0,61916862;0,78740150
-0,61756862;0,78740150
-0,61596862;1,57480300
-0,61436862;0,78740150
-0,61276862;0,39370070
-0,61116862;1,57480300
-0,60956862;1,96850400
-0,60796862;1,18110200
-0,60636862;1,18110200
-0,60476862;0,78740150
-0,60316862;1,57480300
-0,60156862;1,96850400
-0,59996862;0,39370070
-0,59836862;1,18110200
-0,59676862;1,18110200
-0,59516862;1,57480300
-0,59356862;0,78740150
-0,59196862;1,57480300
-0,59036862;1,18110200
-0,58876862;1,18110200
-0,58716862;1,18110200
-0,58556862;1,57480300
-0,58396862;0,39370070
-0,58236862;1,57480300
-0,58076862;1,57480300
-0,57916862;1,18110200
-0,57756862;1,57480300
-0,57596862;1,57480300
-0,57436862;1,57480300
-0,57276862;0,39370070
-0,57116862;0,78740150
-0,56956862;1,18110200
-0,56796862;1,18110200
-0,56636862;0,78740150
-0,56476862;1,18110200
-0,56316862;1,57480300
-0,56156862;1,57480300
-0,55996862;0,78740150
-0,55836862;1,18110200
-0,55676862;1,18110200
-0,55516862;1,18110200
-0,55356862;1,57480300
-0,55196862;1,18110200
-0,55036862;1,18110200
-0,54876862;1,18110200
-0,54716862;1,18110200
-0,54556862;0,78740150
-0,54396862;1,18110200
-0,54236862;0,78740150
-0,54076862;0,78740150
-0,53916862;0,78740150
-0,53756862;1,18110200
-0,53596862;0,78740150
-0,53436862;0,39370070
-0,53276862;1,57480300
-0,53116862;1,57480300
-0,52956862;1,57480300
-0,52796862;1,18110200
-0,52636862;1,18110200
-0,52476862;1,18110200
-0,52316862;0,78740150
-0,52156862;0,78740150
-0,51996862;0,00000000
-0,51836862;1,18110200
-0,51676862;1,57480300
-0,51516862;0,00000000
-0,51356861;1,18110200
-0,51196861;1,57480300
-0,51036861;0,39370070
-0,50876861;0,39370070
-0,50716861;1,18110200
-0,50556861;0,00000000
-0,50396861;1,18110200
-0,50236861;1,96850400
-0,50076861;0,39370070
-0,49916861;1,18110200
-0,49756861;0,78740150
-0,49596861;0,78740150
-0,49436861;1,18110200
-0,49276861;1,18110200
-0,49116861;0,78740150
-0,48956861;0,78740150
-0,48796861;1,57480300
-0,48636861;0,78740150
-0,48476861;0,00000000
-0,48316861;1,96850400
-0,48156861;1,18110200
-0,47996861;0,78740150
-0,47836861;1,18110200
-0,47676861;1,18110200
-0,47516861;0,78740150
-0,47356861;0,39370070
-0,47196861;1,18110200
-0,47036861;0,78740150
-0,46876861;1,57480300
-0,46716861;0,39370070
-0,46556861;0,39370070
-0,46396861;0,78740150
-0,46236861;0,78740150
-0,46076861;1,57480300
-0,45916861;1,18110200
-0,45756861;0,78740150
-0,45596861;0,39370070
-0,45436861;0,78740150
-0,45276861;1,18110200
-0,45116861;1,57480300
-0,44956861;1,18110200
-0,44796861;1,96850400
-0,44636861;1,18110200
-0,44476861;1,18110200
-0,44316861;0,39370070
-0,44156861;0,78740150
-0,43996861;1,96850400
-0,43836861;1,18110200
-0,43676861;0,78740150
-0,43516861;0,78740150
-0,43356861;1,18110200
-0,43196861;1,18110200
-0,43036861;1,18110200
-0,42876861;0,78740150
-0,42716861;1,18110200
-0,42556861;0,78740150
-0,42396861;1,18110200
-0,42236861;1,18110200
-0,42076861;1,18110200
-0,41916861;0,39370070
-0,41756861;0,78740150
-0,41596861;1,57480300
-0,41436861;1,57480300
-0,41276861;1,18110200
-0,41116861;1,18110200
-0,40956861;0,39370070
-0,40796861;0,39370070
-0,40636861;1,18110200
-0,40476861;0,39370070
-0,40316861;0,78740150
-0,40156861;1,18110200
-0,39996861;0,39370070
-0,39836861;0,78740150
-0,39676861;1,57480300
-0,39516861;1,57480300
-0,39356861;0,78740150
-0,39196861;1,18110200
-0,39036861;0,78740150
-0,38876861;0,78740150
-0,38716861;1,57480300
-0,38556861;1,57480300
-0,38396861;0,39370070
-0,38236861;0,78740150
-0,38076861;1,18110200
-0,37916861;0,39370070
-0,37756861;1,18110200
-0,37596861;1,96850400
-0,37436861;0,00000000
-0,37276861;0,39370070
-0,37116861;0,39370070
-0,36956861;1,18110200
-0,36796861;0,39370070
-0,36636861;0,78740150
-0,36476861;1,18110200
-0,36316861;1,57480300
-0,36156861;0,78740150
-0,35996861;1,57480300
-0,35836861;1,57480300
-0,35676861;0,00000000
-0,35516861;1,18110200
-0,35356861;0,39370070
-0,35196861;1,18110200
-0,35036861;0,78740150
-0,34876861;1,18110200
-0,34716861;1,57480300
-0,34556861;0,39370070
-0,34396861;0,39370070
-0,34236861;0,39370070
-0,34076861;0,78740150
-0,33916861;1,18110200
-0,33756861;0,78740150
-0,33596861;0,00000000
-0,33436861;0,78740150
-0,33276861;0,78740150
-0,33116861;0,00000000
-0,32956861;0,78740150
-0,32796861;0,78740150
-0,32636861;0,78740150
-0,32476861;0,78740150
-0,32316861;0,78740150
-0,32156861;1,18110200
-0,31996861;0,78740150
-0,31836861;1,57480300
-0,31676861;1,18110200
-0,31516861;0,78740150
-0,31356861;0,78740150
-0,31196861;0,00000000
-0,31036861;1,18110200
-0,30876861;0,78740150
-0,30716861;1,18110200
-0,30556861;1,18110200
-0,30396861;1,18110200
-0,30236861;1,18110200
-0,30076861;1,18110200
-0,29916861;0,39370070
-0,29756861;0,78740150
-0,29596861;0,39370070
-0,29436861;0,39370070
-0,29276861;0,78740150
-0,29116861;1,18110200
-0,28956861;0,78740150
-0,28796861;0,39370070
-0,28636861;0,00000000
-0,28476861;0,78740150
-0,28316861;1,18110200
-0,28156861;0,78740150
-0,27996861;1,57480300
-0,27836861;1,18110200
-0,27676861;0,78740150
-0,27516861;0,00000000
-0,27356861;0,78740150
-0,27196861;0,78740150
-0,27036861;1,18110200
-0,26876861;0,78740150
-0,26716861;1,57480300
-0,26556861;1,18110200
-0,26396861;1,18110200
-0,26236861;0,78740150
-0,26076861;0,78740150
-0,25916861;0,78740150
-0,25756861;0,78740150
-0,25596861;1,96850400
-0,25436861;0,00000000
-0,25276861;1,57480300
-0,25116861;0,78740150
-0,24956861;1,18110200
-0,24796861;0,39370070
-0,24636861;1,18110200
-0,24476861;1,18110200
-0,24316861;0,78740150
-0,24156861;0,78740150
-0,23996861;1,57480300
-0,23836861;2,36220500
-0,23676861;1,18110200
-0,23516861;0,39370070
-0,23356861;0,39370070
-0,23196861;0,78740150
-0,23036861;0,78740150
-0,22876861;1,96850400
-0,22716861;0,78740150
-0,22556861;0,39370070
-0,22396861;0,78740150
-0,22236861;1,18110200
-0,22076861;1,18110200
-0,21916861;0,78740150
-0,21756861;1,18110200
-0,21596861;1,18110200
-0,21436861;0,78740150
-0,21276861;0,78740150
-0,21116861;0,00000000
-0,20956861;0,78740150
-0,20796861;2,36220500
-0,20636861;0,39370070
-0,20476861;1,18110200
-0,20316861;0,78740150
-0,20156861;1,18110200
-0,19996861;0,78740150
-0,19836861;0,78740150
-0,19676861;1,18110200
-0,19516861;0,78740150
-0,19356861;0,78740150
-0,19196861;1,57480300
-0,19036861;1,18110200
-0,18876861;1,18110200
-0,18716861;1,18110200
-0,18556861;1,18110200
-0,18396861;1,57480300
-0,18236861;0,78740150
-0,18076861;1,18110200
-0,17916861;0,78740150
-0,17756861;1,57480300
-0,17596861;1,57480300
-0,17436861;1,18110200
-0,17276861;0,78740150
-0,17116861;0,78740150
-0,16956861;1,96850400
-0,16796861;0,78740150
-0,16636861;0,39370070
-0,16476861;1,18110200
-0,16316861;1,18110200
-0,16156861;0,39370070
-0,15996861;1,57480300
-0,15836861;0,39370070
-0,15676861;1,57480300
-0,15516861;0,78740150
-0,15356861;0,39370070
-0,15196861;1,57480300
-0,15036861;0,00000000
-0,14876861;1,57480300
-0,14716861;0,78740150
-0,14556861;1,18110200
-0,14396861;0,78740150
-0,14236861;0,78740150
-0,14076861;0,39370070
-0,13916861;1,57480300
-0,13756861;0,39370070
-0,13596861;1,57480300
-0,13436861;1,18110200
-0,13276861;0,78740150
-0,13116861;1,57480300
-0,12956861;0,78740150
-0,12796861;1,18110200
-0,12636861;1,57480300
-0,12476861;0,78740150
-0,12316861;0,78740150
-0,12156861;1,18110200
-0,11996861;0,39370070
-0,11836861;1,18110200
-0,11676861;1,18110200
-0,11516861;0,39370070
-0,11356861;1,18110200
-0,11196861;0,78740150
-0,11036861;1,57480300
-0,10876861;1,57480300
-0,10716861;0,78740150
-0,10556861;1,18110200
-0,10396861;0,78740150
-0,10236861;1,18110200
-0,10076861;1,18110200
-0,09916861;1,18110200
-0,09756861;1,57480300
-0,09596861;1,18110200
-0,09436861;1,96850400
-0,09276861;1,57480300
-0,09116861;0,78740150
-0,08956861;0,39370070
-0,08796861;0,78740150
-0,08636861;0,39370070
-0,08476861;1,57480300
-0,08316861;0,78740150
-0,08156861;0,78740150
-0,07996861;0,78740150
-0,07836861;0,78740150
-0,07676861;1,18110200
-0,07516861;0,39370070
-0,07356861;1,18110200
-0,07196861;0,39370070
-0,07036861;1,18110200
-0,06876861;1,18110200
-0,06716861;1,18110200
-0,06556861;0,78740150
-0,06396861;0,39370070
-0,06236861;0,78740150
-0,06076861;1,18110200
-0,05916861;0,78740150
-0,05756861;1,57480300
-0,05596861;0,39370070
-0,05436861;1,18110200
-0,05276861;1,18110200
-0,05116861;0,78740150
-0,04956861;1,57480300
-0,04796861;1,57480300
-0,04636861;1,18110200
-0,04476861;1,18110200
-0,04316861;0,78740150
-0,04156861;1,18110200
-0,03996861;0,39370070
-0,03836861;1,57480300
-0,03676861;0,78740150
-0,03516861;1,18110200
-0,03356861;1,18110200
-0,03196861;0,78740150
-0,03036861;0,78740150
-0,02876861;0,78740150
-0,02716861;1,18110200
-0,02556861;0,00000000
-0,02396861;0,39370070
-0,02236861;1,18110200
-0,02076861;1,18110200
-0,01916861;1,57480300
-0,01756861;0,78740150
-0,01596861;0,39370070
-0,01436861;0,78740150
-0,01276861;0,39370070
-0,01116861;1,18110200
-0,00956861;1,18110200
-0,00796861;1,18110200
-0,00636861;0,78740150
-0,00476861;1,18110200
-0,00316861;0,78740150
-0,00156861;2,36220500
0,00003139;22,44094000
0,00163139;21,25984000
0,00323139;23,62205000
0,00483139;20,07874000
0,00643139;16,14173000
0,00803139;14,17323000
0,00963139;12,20472000
0,01123139;9,44881800
0,01283139;9,44881800
0,01443139;8,26771600
0,01603139;7,08661400
0,01763139;6,29921200
0,01923139;6,29921200
0,02083139;5,51181100
0,02243139;4,72440900
0,02403139;3,14960600
0,02563139;3,14960600
0,02723139;3,14960600
0,02883139;3,54330700
0,03043139;3,14960600
0,03203139;1,96850400
0,03363139;1,96850400
0,03523139;1,96850400
0,03683139;1,96850400
0,03843139;1,18110200
0,04003139;1,18110200
0,04163139;1,57480300
0,04323139;0,39370070
0,04483139;0,78740150
0,04643139;1,18110200
0,04803139;1,18110200
0,04963139;1,57480300
0,05123139;0,78740150
0,05283139;0,78740150
0,05443139;1,18110200
0,05603139;0,39370070
0,05763139;0,39370070
0,05923139;0,39370070
0,06083139;0,39370070
0,06243139;0,78740150
0,06403139;0,39370070
0,06563139;0,39370070
0,06723139;0,00000000
0,06883139;-0,39370070
0,07043139;0,00000000
0,07203139;1,18110200
0,07363139;0,00000000
0,07523139;0,39370070
0,07683139;0,39370070
0,07843139;0,00000000
0,08003139;0,39370070
0,08163139;0,39370070
0,08323139;-0,39370070
0,08483139;0,00000000
0,08643139;0,78740150
0,08803139;0,00000000
0,08963139;0,78740150
0,09123139;-0,39370070
0,09283139;0,78740150
0,09443139;-0,39370070
0,09603139;0,78740150
0,09763139;0,39370070
0,09923139;0,00000000
0,10083139;0,39370070
0,10243139;-0,39370070
0,10403139;0,00000000
0,10563139;0,78740150
0,10723139;0,00000000
0,10883139;0,00000000
0,11043139;0,00000000
0,11203139;-0,39370070
0,11363139;0,00000000
0,11523139;-0,39370070
0,11683139;0,00000000
0,11843139;0,00000000
0,12003139;-0,78740150
0,12163139;-0,39370070
0,12323139;0,78740150
0,12483139;0,39370070
0,12643139;0,00000000
0,12803139;0,39370070
0,12963139;0,39370070
0,13123139;0,00000000
0,13283139;-0,78740150
0,13443139;-0,78740150
0,13603139;-0,78740150
0,13763139;0,00000000
0,13923139;-0,39370070
0,14083139;-0,78740150
0,14243139;0,00000000
0,14403139;-0,39370070
0,14563139;0,78740150
0,14723139;1,18110200
0,14883139;0,78740150
0,15043139;0,39370070
0,15203139;-0,39370070
0,15363139;0,00000000
0,15523139;0,39370070
0,15683139;0,39370070
0,15843139;0,39370070
0,16003139;-0,39370070
0,16163139;0,39370070
0,16323139;-0,39370070
0,16483139;-0,39370070
0,16643139;-0,39370070
0,16803139;0,00000000
0,16963139;0,00000000
0,17123139;0,78740150
0,17283139;1,18110200
0,17443139;0,00000000
0,17603139;0,78740150
0,17763139;0,78740150
0,17923139;-0,39370070
0,18083139;-0,78740150
0,18243139;-0,39370070
0,18403139;0,00000000
0,18563139;0,39370070
0,18723139;0,39370070
0,18883139;0,78740150
0,19043139;-0,39370070
0,19203139;0,78740150
0,19363139;0,00000000
0,19523139;0,00000000
0,19683139;-0,39370070
0,19843139;0,00000000
0,20003139;0,00000000
0,20163139;0,39370070
0,20323139;0,78740150
0,20483139;0,00000000
0,20643139;0,00000000
0,20803139;0,39370070
0,20963139;0,78740150
0,21123139;0,78740150
0,21283139;-0,39370070
0,21443139;-0,39370070
0,21603139;0,78740150
0,21763139;0,00000000
0,21923139;-0,39370070
0,22083139;-0,39370070
0,22243139;0,39370070
0,22403139;0,39370070
0,22563139;0,78740150
0,22723139;0,78740150
0,22883139;0,00000000
0,23043139;1,18110200
0,23203139;0,39370070
0,23363139;0,39370070
0,23523140;0,78740150
0,23683140;0,39370070
0,23843140;0,39370070
0,24003140;0,00000000
0,24163140;-0,39370070
0,24323140;0,39370070
0,24483140;0,78740150
0,24643140;-0,39370070
0,24803140;0,78740150
0,24963140;1,18110200
0,25123140;0,00000000
0,25283140;0,39370070
0,25443140;0,39370070
0,25603140;0,78740150
0,25763140;0,39370070
0,25923140;0,00000000
0,26083140;-0,39370070
0,26243140;-0,39370070
0,26403140;0,00000000
0,26563140;-0,39370070
0,26723140;0,00000000
0,26883140;0,39370070
0,27043140;0,00000000
0,27203140;0,78740150
0,27363140;0,78740150
0,27523140;0,78740150
0,27683140;0,00000000
0,27843140;0,00000000
0,28003140;0,00000000
0,28163140;0,39370070
0,28323140;0,00000000
0,28483140;0,78740150
0,28643140;0,39370070
0,28803140;0,39370070
0,28963140;0,00000000
0,29123140;0,39370070
0,29283140;0,00000000
0,29443140;-0,39370070
0,29603140;0,78740150
0,29763140;0,39370070
0,29923140;0,00000000
0,30083140;0,78740150
0,30243140;0,39370070
0,30403140;0,00000000
0,30563140;0,00000000
0,30723140;-0,39370070
0,30883140;0,00000000
0,31043140;0,78740150
0,31203140;0,78740150
0,31363140;0,00000000
0,31523140;0,00000000
0,31683140;0,39370070
0,31843140;0,78740150
0,32003140;0,78740150
0,32163140;0,39370070
0,32323140;0,78740150
0,32483140;1,18110200
0,32643140;0,00000000
0,32803140;1,18110200
0,32963140;0,00000000
0,33123140;-0,39370070
0,33283140;0,39370070
0,33443140;0,78740150
0,33603140;1,18110200
0,33763140;0,78740150
0,33923140;0,39370070
0,34083140;0,00000000
0,34243140;0,78740150
0,34403140;0,00000000
0,34563140;0,78740150
0,34723140;0,39370070
0,34883140;0,00000000
0,35043140;0,39370070
0,35203140;0,78740150
0,35363140;0,39370070
0,35523140;0,00000000
0,35683140;1,18110200
0,35843140;0,78740150
0,36003140;0,39370070
0,36163140;0,00000000
0,36323140;0,39370070
0,36483140;0,78740150
0,36643140;0,39370070
0,36803140;0,78740150
0,36963140;0,39370070
0,37123140;0,00000000
0,37283140;0,39370070
0,37443140;0,00000000
0,37603140;0,78740150
0,37763140;0,39370070
0,37923140;1,18110200
0,38083140;0,00000000
0,38243140;1,18110200
0,38403140;0,39370070
0,38563140;0,00000000
0,38723140;0,00000000
0,38883140;1,18110200
0,39043140;0,78740150
0,39203140;1,18110200
0,39363140;0,39370070
0,39523140;1,18110200
0,39683140;0,39370070
0,39843140;0,00000000
0,40003140;0,00000000
0,40163140;-0,39370070
0,40323140;0,78740150
0,40483140;0,78740150
0,40643140;0,00000000
0,40803140;0,39370070
0,40963140;0,78740150
0,41123140;0,00000000
0,41283140;-0,39370070
0,41443140;1,18110200
0,41603140;0,78740150
0,41763140;0,78740150
0,41923140;1,18110200
0,42083140;0,78740150
0,42243140;1,57480300
0,42403140;1,57480300
0,42563140;0,00000000
0,42723140;0,78740150
0,42883140;0,39370070
0,43043140;1,18110200
0,43203140;0,39370070
0,43363140;0,39370070
0,43523140;1,57480300
0,43683140;0,78740150
0,43843140;0,39370070
0,44003140;1,18110200
0,44163140;0,78740150
0,44323140;0,78740150
0,44483140;0,78740150
0,44643140;0,39370070
0,44803140;0,78740150
0,44963140;0,78740150
0,45123140;1,57480300
0,45283140;0,78740150
0,45443140;0,39370070
0,45603140;1,57480300
0,45763140;1,18110200
0,45923140;0,78740150
0,46083140;1,18110200
0,46243140;0,39370070
0,46403140;0,78740150
0,46563140;0,78740150
0,46723140;1,18110200
0,46883140;0,78740150
0,47043140;0,78740150
0,47203140;1,18110200
0,47363140;0,00000000
0,47523140;0,78740150
0,47683140;1,18110200
0,47843140;0,00000000
0,48003140;1,18110200
0,48163140;0,39370070
0,48323140;0,39370070
0,48483140;1,18110200
0,48643140;0,78740150
0,48803140;0,78740150
0,48963140;0,39370070
0,49123140;1,57480300
0,49283140;0,78740150
0,49443140;0,78740150
0,49603140;0,39370070
0,49763140;0,78740150
0,49923140;1,18110200
0,50083140;1,57480300
0,50243140;0,78740150
0,50403140;0,78740150
0,50563140;0,78740150
0,50723140;1,18110200
0,50883140;1,18110200
0,51043140;0,39370070
0,51203140;0,78740150
0,51363140;-0,39370070
0,51523140;0,78740150
0,51683140;1,18110200
0,51843140;1,18110200
0,52003140;1,18110200
0,52163140;1,18110200
0,52323140;0,78740150
0,52483140;0,78740150
0,52643140;0,78740150
0,52803140;1,18110200
0,52963140;0,39370070
0,53123140;0,78740150
0,53283140;1,18110200
0,53443140;1,18110200
0,53603140;1,18110200
0,53763140;0,78740150
0,53923140;0,39370070
0,54083140;0,78740150
0,54243140;0,78740150
0,54403140;0,78740150
0,54563140;1,57480300
0,54723140;1,18110200
0,54883140;1,18110200
0,55043140;0,39370070
0,55203140;0,00000000
0,55363140;0,78740150
0,55523140;0,78740150
0,55683140;1,18110200
0,55843140;0,78740150
0,56003140;1,18110200
0,56163140;0,39370070
0,56323140;0,39370070
0,56483140;1,18110200
0,56643140;1,18110200
0,56803140;1,18110200
0,56963140;0,78740150
0,57123140;0,78740150
0,57283140;1,18110200
0,57443140;1,18110200
0,57603140;0,39370070
0,57763140;0,39370070
0,57923140;0,39370070
0,58083140;0,78740150
0,58243140;1,18110200
0,58403140;0,78740150
0,58563140;0,00000000
0,58723140;0,78740150
0,58883140;0,39370070
0,59043140;0,39370070
0,59203140;0,00000000
0,59363140;0,78740150
0,59523140;1,18110200
0,59683140;1,18110200
0,59843140;1,18110200
0,60003140;0,78740150
0,60163140;0,39370070
0,60323140;1,18110200
0,60483140;1,18110200
0,60643140;1,18110200
0,60803140;1,96850400
0,60963140;1,18110200
0,61123140;0,78740150
0,61283140;0,39370070
0,61443140;-0,39370070
0,61603140;1,18110200
0,61763140;0,39370070
0,61923140;0,78740150
0,62083140;0,78740150
0,62243140;0,39370070
0,62403140;1,18110200
0,62563140;1,57480300
0,62723140;0,78740150
0,62883140;0,39370070
0,63043140;0,78740150
0,63203140;0,78740150
0,63363140;1,18110200
0,63523140;1,18110200
0,63683140;0,78740150
0,63843140;1,18110200
0,64003140;0,78740150
0,64163140;0,78740150
0,64323140;1,57480300
0,64483140;1,18110200
0,64643140;1,18110200
0,64803140;1,18110200
0,64963140;0,78740150
0,65123140;1,18110200
0,65283140;0,78740150
0,65443140;1,18110200
0,65603140;0,39370070
0,65763140;0,39370070
0,65923140;0,78740150
0,66083140;0,78740150
0,66243140;0,78740150
0,66403140;1,18110200
0,66563140;0,78740150
0,66723140;0,39370070
0,66883140;0,78740150
0,67043140;1,18110200
0,67203140;1,18110200
0,67363140;0,78740150
0,67523140;0,78740150
0,67683140;1,57480300
0,67843140;1,18110200
0,68003140;0,78740150
0,68163140;1,18110200
0,68323140;0,78740150
0,68483140;0,78740150
0,68643140;1,57480300
0,68803140;1,18110200
0,68963140;0,78740150
0,69123140;0,78740150
0,69283140;1,57480300
0,69443140;1,57480300
0,69603140;1,18110200
0,69763140;0,78740150
0,69923140;0,39370070
0,70083140;1,18110200
0,70243140;0,39370070
0,70403140;0,78740150
0,70563140;0,39370070
0,70723140;0,39370070
0,70883140;0,78740150
0,71043140;1,18110200
0,71203140;0,39370070
0,71363140;0,39370070
0,71523140;0,78740150
0,71683140;1,18110200
0,71843140;0,78740150
0,72003140;1,18110200
0,72163140;1,57480300
0,72323140;0,78740150
0,72483140;0,39370070
0,72643140;0,78740150
0,72803140;0,39370070
0,72963140;0,78740150
0,73123140;0,78740150
0,73283140;1,57480300
0,73443140;1,18110200
0,73603140;-0,39370070
0,73763140;0,78740150
0,73923140;0,78740150
0,74083140;1,18110200
0,74243140;1,57480300
0,74403140;1,18110200
0,74563140;1,96850400
0,74723140;0,78740150
0,74883140;1,57480300
0,75043140;1,18110200
0,75203140;0,78740150
0,75363140;0,39370070
0,75523140;0,78740150
0,75683140;0,78740150
0,75843140;0,39370070
0,76003140;0,78740150
0,76163140;1,18110200
0,76323140;0,39370070
0,76483140;0,78740150
0,76643140;1,57480300
0,76803140;1,18110200
0,76963140;1,57480300
0,77123140;1,18110200
0,77283140;1,18110200
0,77443140;1,57480300
0,77603140;1,18110200
0,77763140;0,39370070
0,77923140;0,78740150
0,78083140;1,18110200
0,78243140;1,18110200
0,78403140;1,18110200
0,78563140;1,18110200
0,78723140;1,18110200
0,78883140;0,78740150
0,79043140;1,18110200
0,79203140;0,39370070
0,79363140;1,18110200
0,79523140;0,78740150
0,79683140;0,78740150
0,79843140;1,96850400
0,80003140;0,78740150
0,80163140;0,78740150
0,80323140;1,18110200
0,80483140;0,78740150
0,80643140;0,78740150
0,80803140;1,18110200
0,80963140;0,78740150
0,81123140;1,18110200
0,81283140;1,57480300
0,81443140;1,18110200
0,81603140;0,78740150
0,81763140;1,18110200
0,81923140;1,57480300
0,82083140;1,18110200
0,82243140;1,18110200
0,82403140;1,57480300
0,82563140;0,39370070
0,82723140;0,78740150
0,82883140;1,18110200
0,83043140;1,57480300
0,83203140;0,78740150
0,83363140;0,78740150
0,83523140;1,18110200
0,83683140;0,78740150
0,83843140;0,78740150
0,84003140;1,57480300
0,84163140;1,57480300
0,84323140;0,78740150
0,84483140;1,18110200
0,84643140;0,78740150
0,84803140;0,78740150
0,84963140;1,18110200
0,85123140;1,96850400
0,85283140;1,57480300
0,85443140;0,78740150
0,85603140;0,39370070
0,85763140;0,78740150
0,85923140;0,78740150
0,86083140;1,18110200
0,86243140;0,78740150
0,86403140;1,18110200
0,86563140;0,00000000
0,86723140;0,78740150
0,86883140;0,78740150
0,87043140;1,57480300
0,87203140;0,78740150
0,87363140;0,78740150
0,87523140;0,78740150
0,87683140;0,78740150
0,87843140;1,18110200
0,88003140;1,18110200
0,88163140;0,39370070
0,88323140;0,78740150
0,88483140;1,18110200
0,88643140;1,18110200
0,88803140;0,00000000
0,88963140;1,57480300
0,89123140;0,78740150
0,89283140;1,18110200
0,89443140;1,18110200
0,89603140;1,18110200
0,89763140;0,39370070
0,89923140;0,39370070
0,90083140;0,39370070
0,90243140;1,57480300
0,90403140;0,39370070
0,90563140;1,18110200
0,90723140;1,57480300
0,90883140;0,78740150
0,91043140;0,78740150
0,91203140;1,18110200
0,91363140;1,57480300
0,91523140;1,18110200
0,91683140;1,57480300
0,91843140;0,78740150
0,92003140;1,18110200
0,92163140;0,78740150
0,92323140;0,00000000
0,92483140;1,18110200
0,92643140;1,57480300
0,92803140;0,39370070
0,92963140;0,78740150
0,93123140;0,78740150
0,93283140;1,18110200
0,93443140;1,18110200
0,93603140;1,57480300
0,93763140;0,39370070
0,93923140;1,18110200
0,94083140;0,39370070
0,94243140;0,78740150
0,94403140;1,18110200
0,94563140;0,78740150
0,94723140;1,57480300
0,94883140;1,57480300
0,95043140;1,18110200
0,95203140;-0,39370070
0,95363140;0,78740150
0,95523140;1,96850400
0,95683140;1,18110200
0,95843140;1,57480300
0,96003140;1,57480300
0,96163140;1,57480300
0,96323140;1,18110200
0,96483140;0,39370070
0,96643140;0,78740150
0,96803140;0,78740150
0,96963140;1,57480300
0,97123140;1,18110200
0,97283140;0,39370070
0,97443140;0,78740150
0,97603140;0,78740150
0,97763140;0,39370070
0,97923140;1,18110200
0,98083140;1,57480300
0,98243140;0,39370070
0,98403141;0,78740150
0,98563141;0,78740150
0,98723141;0,78740150
0,98883141;1,18110200
0,99043141;0,78740150
0,99203141;0,78740150
0,99363141;1,57480300
0,99523141;1,57480300
0,99683141;1,18110200
0,99843141;1,18110200
1,00003141;1,57480300
1,00163141;1,57480300
1,00323141;1,96850400
1,00483141;1,18110200
1,00643141;1,57480300
1,00803141;0,00000000
1,00963141;0,39370070
1,01123141;0,78740150
1,01283141;1,57480300
1,01443141;1,57480300
1,01603141;1,57480300
1,01763141;1,18110200
1,01923141;0,78740150
1,02083141;0,39370070
1,02243141;0,00000000
1,02403141;0,78740150
1,02563141;0,78740150
1,02723141;1,18110200
1,02883141;0,00000000
1,03043141;0,78740150
1,03203141;1,18110200
1,03363141;0,78740150
1,03523141;0,00000000
1,03683141;0,78740150
1,03843141;1,57480300
1,04003141;0,78740150
1,04163141;1,57480300
1,04323141;1,57480300
1,04483141;0,00000000
1,04643141;1,18110200
1,04803141;0,39370070
1,04963141;0,39370070
1,05123141;0,78740150
1,05283141;1,18110200
1,05443141;1,57480300
1,05603141;1,18110200
1,05763141;0,78740150
1,05923141;0,78740150
1,06083141;0,78740150
1,06243141;0,39370070
